8.66
0.33
7.87
2.22
9.06
5.11
5.33
5.99
7.35
7.39
5.47
8.88
5.43
6.86
6.92
5.69
7.16
8.56
8.27
7.20
9.06
9.19
6.25
0.96
2.57
0.03
-0.42
-0.14
8.05
1.07
7.80
7.37
24.98
19.38
23.20
24.08
19.58
26.56
-0.14
5.86
-1.10
2.27
-0.09
7.70
8.57
8.72
8.53
7.81
7.70
6.95
7.29
6.89
5.44
3.36
3.95
5.18
2.79
3.44
3.46
7.52
3.00
2.97
2.97
2.81
3.91
5.14
3.23
4.60
11.90
4.19
8.44
9.87
4.46
4.90
3.79
4.11
3.90
3.44
2.92
4.69
7.94
5.85
7.79
4.80
5.08
6.31
7.18
5.78
3.54
7.58
6.52
5.08
6.22
6.24
6.59
5.31
4.60
7.31
6.65
10.44
7.07
5.94
9.84
7.13
6.10
7.74
8.56
9.01
6.74
7.19
7.83
6.81
10.62
6.88
7.68
6.85
7.24
7.89
7.60
10.14
8.32
7.88
6.56
8.40
9.28
9.08
10.50
10.25
9.24
8.76
12.15
10.71
11.21
11.06
13.72
11.63
10.54
7.89
11.72
12.71
10.95
16.24
19.78
10.77
14.02
19.11
18.62
18.78
15.02
28.34
26.94
34.91
28.57
33.53
28.11
0.16
2.51
0.38
0.04
-0.37
3.23
6.15
6.44
7.32
2.47
3.03
2.99
2.85
3.32
3.68
6.92
4.69
1.22
3.53
4.50
4.59
3.06
4.16
4.81
3.23
4.10
5.21
4.13
4.92
5.37
7.76
6.22
5.99
3.50
6.18
6.49
4.35
7.95
6.98
6.08
7.19
6.41
9.08
8.00
11.08
4.20
7.50
8.17
6.45
5.84
17.79
7.32
6.44
8.16
11.24
7.58
7.39
10.47
10.74
9.80
8.44
9.94
7.57
9.28
5.97
7.96
8.24
7.75
10.29
8.30
7.87
13.77
10.83
9.35
8.09
14.42
9.79
12.79
11.27
12.80
11.34
16.93
8.64
12.84
13.01
11.47
6.42
12.03
14.30
15.26
8.58
14.32
24.08
17.76
19.01
12.65
8.82
19.91
15.15
15.79
13.16
13.23
14.98
6.97
15.82
14.09
12.95
15.02
14.03
12.65
13.48
12.16
13.68
11.94
15.66
14.98
12.82
17.02
14.35
13.13
15.30
22.56
15.55
13.31
18.99
17.97
4.62
9.61
10.88
14.44
18.02
18.42
18.85
19.87
18.27
17.44
20.31
17.01
18.49
21.30
16.68
20.53
13.63
17.48
16.36
18.67
18.07
18.16
22.49
16.80
19.02
11.28
20.33
22.96
22.51
39.04
31.80
24.52
32.04
30.61
32.07
36.80
33.14
35.35
36.65
0.43
4.02
-0.17
0.27
7.32
3.39
4.30
-0.04
4.75
1.23
-0.09
0.17
2.02
5.19
0.15
0.14
4.48
3.08
4.10
3.35
4.49
7.04
3.45
3.93
5.31
12.45
6.73
3.08
4.14
5.31
7.20
6.47
1.99
6.06
5.93
5.77
5.28
9.48
13.63
3.75
18.07
5.24
9.67
8.08
8.66
10.10
8.29
15.02
9.12
10.49
17.05
10.38
9.34
9.44
15.14
13.19
12.49
12.30
16.72
9.07
18.84
11.91
11.09
11.86
10.92
18.62
9.69
9.93
19.68
14.13
10.58
11.99
19.69
18.85
9.62
19.78
17.55
19.19
22.52
13.59
15.30
18.16
18.73
12.63
12.33
14.79
17.61
19.31
13.26
17.33
20.44
14.97
15.87
17.42
21.96
14.41
19.81
18.60
16.93
12.42
20.81
20.00
16.24
15.31
15.29
18.40
18.55
18.18
17.51
20.36
17.17
18.08
14.52
16.54
16.72
17.67
23.20
19.83
18.53
14.59
15.70
13.50
20.72
21.48
17.78
21.78
16.39
17.78
18.01
18.52
17.33
14.10
19.76
19.55
20.28
16.41
18.05
20.42
19.73
19.99
19.47
13.34
18.85
18.89
18.97
16.79
12.43
19.12
19.80
25.31
20.66
12.91
14.66
20.65
20.93
21.71
18.52
20.16
18.68
18.88
22.06
26.83
17.70
20.50
22.95
17.89
21.28
17.64
19.02
21.93
21.28
19.53
17.98
21.78
19.16
18.49
20.54
20.57
20.97
22.29
22.85
19.30
7.40
20.37
23.23
13.69
19.04
21.87
26.21
20.47
19.51
22.51
20.20
18.91
21.10
21.33
22.65
10.32
23.81
20.34
22.34
23.29
21.78
22.93
22.58
20.77
21.07
20.75
22.46
20.56
24.67
22.45
15.72
17.47
17.98
22.47
21.93
18.87
19.61
23.17
18.49
21.28
18.62
19.86
22.27
19.80
22.87
22.10
18.84
20.32
19.47
27.21
17.13
19.18
24.75
21.30
28.27
14.85
28.32
16.85
30.00
20.34
17.86
21.18
26.49
5.08
0.02
3.73
0.59
-0.10
0.14
3.73
-0.10
0.61
11.51
2.48
1.02
-0.01
-0.35
-0.05
0.25
0.71
-0.15
3.32
6.69
13.84
-0.13
3.09
14.21
3.02
4.10
3.60
20.19
4.59
0.69
18.59
4.11
6.05
4.57
5.98
5.29
12.32
19.29
20.69
6.00
8.48
6.76
8.66
14.94
8.15
11.90
7.46
7.89
7.79
6.47
8.15
8.33
10.66
14.08
19.60
11.02
9.09
6.47
8.66
5.41
18.10
4.98
10.90
7.80
11.72
11.96
13.09
23.48
9.90
9.06
12.36
12.99
8.71
13.74
16.01
14.74
12.54
9.67
11.37
13.40
19.06
12.48
19.39
17.83
15.53
17.22
14.87
18.28
14.69
10.84
13.74
16.36
14.75
26.04
16.88
22.63
14.29
12.97
16.43
18.10
16.28
20.24
16.96
17.51
17.17
11.06
16.37
14.38
12.57
21.05
20.95
20.62
16.22
13.01
10.87
17.33
8.31
13.73
14.13
11.32
16.51
12.85
18.50
14.70
17.14
16.62
16.69
21.52
16.82
21.10
15.83
18.09
17.25
19.84
22.45
18.33
19.00
22.39
18.85
17.77
16.54
21.91
16.84
11.97
17.15
22.26
18.70
20.36
16.02
16.49
16.18
21.69
20.70
21.65
17.27
21.99
22.41
19.50
20.39
19.56
25.55
19.81
21.70
16.99
20.00
13.31
18.54
22.49
19.32
15.99
18.16
20.57
22.93
20.17
20.54
24.18
24.77
19.53
15.70
18.93
12.72
21.60
21.39
25.21
24.28
18.85
22.60
18.66
18.41
29.11
18.37
22.38
19.79
20.74
19.19
22.35
16.67
24.11
20.36
20.85
20.82
25.40
16.86
13.90
20.26
23.97
19.65
19.09
21.32
20.98
22.94
23.74
9.81
20.94
22.63
18.94
16.87
23.43
21.59
18.59
21.74
21.73
22.32
23.25
19.51
18.92
22.33
23.74
30.63
20.92
14.68
23.72
23.75
25.16
22.80
20.54
24.52
21.63
20.51
21.79
21.10
27.23
20.15
22.81
21.59
22.53
21.01
22.02
22.78
20.88
22.10
21.32
24.00
23.38
22.71
16.58
19.68
20.17
21.45
21.64
22.20
21.06
22.58
20.76
18.96
26.97
22.16
23.02
21.68
21.40
24.70
23.22
22.19
25.26
22.36
21.43
14.43
26.62
23.93
26.47
24.92
21.76
21.62
21.62
21.38
20.44
26.04
28.55
22.28
29.93
22.03
26.66
23.32
22.87
23.63
23.96
21.62
23.75
23.08
24.32
25.57
25.03
27.92
25.61
30.38
26.76
22.41
25.42
22.38
23.13
17.82
22.22
18.48
28.91
23.85
23.87
22.78
22.38
24.17
24.31
11.75
21.40
20.19
22.94
26.47
21.64
24.37
24.39
23.40
16.55
30.60
23.35
32.17
17.73
21.95
23.52
27.12
27.82
26.87
18.73
24.15
18.85
22.97
27.94
24.12
23.58
30.28
19.73
14.34
28.38
23.64
26.13
18.48
18.15
25.83
24.43
25.09
35.75
33.57
25.82
23.74
24.86
25.40
23.74
27.75
20.28
23.96
28.17
28.71
34.13
26.21
26.98
30.51
31.13
28.09
31.67
28.03
24.68
28.90
19.06
29.42
31.48
12.22
25.95
25.60
20.13
26.76
29.99
31.19
22.81
28.09
29.04
24.00
27.03
32.02
8.90
33.99
31.07
34.81
29.82
26.50
33.72
19.23
28.75
4.79
0.96
-0.21
3.09
2.96
3.80
2.19
19.62
3.34
14.76
1.97
6.29
5.99
7.16
14.77
6.55
7.28
7.00
13.66
10.59
9.01
4.03
10.78
9.94
12.23
17.03
14.31
19.59
10.81
11.92
17.26
23.19
10.59
17.68
11.63
18.80
13.09
19.12
19.67
21.52
26.44
12.56
21.04
15.39
21.75
23.99
17.84
15.40
22.06
25.68
19.59
15.10
23.67
19.09
13.49
11.36
18.98
21.07
19.46
16.61
14.29
13.81
22.74
10.72
19.62
22.90
19.99
17.44
19.32
28.13
15.43
21.69
19.35
25.07
21.82
25.13
14.09
24.26
17.83
23.05
16.95
16.69
25.65
24.06
21.32
16.58
15.38
20.50
22.57
25.92
21.12
25.65
20.65
20.51
21.27
24.07
17.89
19.01
19.71
21.73
15.27
22.33
25.84
19.06
18.12
18.81
24.13
19.90
21.55
24.34
22.77
20.62
18.93
24.24
21.95
21.35
23.34
23.00
27.53
20.59
22.72
22.47
22.54
19.81
23.16
19.21
21.81
21.84
20.63
22.62
21.46
21.41
22.70
21.90
22.98
26.11
21.49
23.25
21.86
28.40
20.23
18.28
22.23
29.99
21.21
21.22
20.38
21.47
20.70
21.90
23.35
21.23
26.19
26.79
21.34
23.75
21.57
20.76
23.42
20.00
24.17
17.39
21.92
19.76
20.56
23.86
20.58
21.44
24.29
24.14
19.09
22.54
25.20
25.49
23.99
21.94
22.55
24.50
22.54
23.50
22.91
22.84
23.10
22.34
20.31
6.57
23.57
25.38
26.22
25.31
20.44
33.00
21.44
23.81
28.42
22.61
20.01
19.21
23.56
23.89
22.96
23.19
20.12
20.42
24.69
25.04
19.58
24.52
21.43
21.75
22.94
21.35
22.54
20.00
27.82
22.32
26.45
25.01
21.57
26.67
22.51
22.44
22.62
20.76
21.94
25.27
25.39
17.99
20.08
28.56
24.90
15.50
24.32
24.65
23.63
18.39
26.65
23.70
23.43
21.99
22.30
23.78
23.05
26.86
21.16
30.00
28.06
19.20
29.71
21.53
23.99
22.20
28.69
23.22
20.71
21.32
22.92
27.71
23.54
23.66
24.45
23.91
23.85
31.54
24.63
20.54
23.16
26.47
16.29
27.43
24.83
22.17
23.37
21.91
23.41
25.67
28.63
23.50
25.57
29.12
19.70
26.56
23.53
20.50
22.58
23.01
24.66
23.50
26.75
29.31
20.66
32.18
23.65
26.69
20.14
29.65
21.24
24.74
14.99
13.07
17.65
25.92
24.44
23.86
26.07
26.31
25.23
26.02
20.17
27.79
26.14
20.87
20.98
24.21
24.99
23.16
24.47
26.90
24.13
28.53
24.31
29.94
29.25
24.44
32.05
23.04
23.07
31.44
29.84
19.23
24.91
12.20
12.33
23.24
23.63
30.03
25.27
29.09
22.27
23.52
26.24
32.94
19.76
19.93
26.53
25.10
27.12
24.86
32.27
30.20
26.35
34.97
27.74
31.36
36.98
26.67
25.61
29.39
24.25
24.67
26.71
26.17
26.19
23.98
28.01
28.26
17.64
22.41
29.34
26.15
29.61
34.52
30.98
38.04
32.79
27.59
33.51
28.44
29.61
0.21
11.47
0.00
-0.58
-0.15
1.13
12.02
-0.06
-1.11
1.11
0.09
-0.31
11.01
11.46
7.69
4.51
5.06
9.96
9.91
8.10
8.60
12.18
15.56
13.38
13.10
9.86
11.29
12.04
9.27
11.21
9.94
11.35
16.84
12.04
10.59
11.70
17.19
15.41
11.54
13.01
13.97
9.89
11.78
11.10
14.81
12.67
15.07
8.72
12.72
13.50
12.22
12.17
18.88
12.23
20.72
8.79
12.38
18.20
12.59
20.84
22.55
14.09
11.56
19.01
19.88
17.06
13.95
10.52
17.51
21.91
14.99
19.96
17.83
18.05
21.25
13.89
21.94
14.43
10.25
21.00
20.53
11.18
16.42
15.92
19.54
18.33
18.73
22.68
13.28
16.67
15.41
18.31
19.21
19.07
18.62
18.12
22.37
21.32
23.56
16.20
20.25
23.84
19.60
19.53
18.44
20.16
19.46
15.35
21.84
20.89
20.40
18.99
16.86
19.77
21.68
23.42
22.42
21.48
19.37
15.61
23.07
16.47
22.74
22.39
21.63
17.85
16.77
21.83
19.28
20.04
23.74
21.96
20.92
19.89
10.31
21.12
10.06
14.27
24.60
16.10
20.62
25.63
23.74
22.11
20.59
20.37
18.39
18.36
21.85
19.65
17.93
20.96
14.50
18.21
21.81
19.99
21.14
20.18
24.02
20.98
20.61
21.65
21.24
21.50
14.52
19.84
22.09
21.83
22.37
24.20
21.22
21.74
21.19
19.19
19.67
22.73
5.75
22.71
21.74
22.47
23.47
23.25
19.19
20.77
22.01
11.66
17.47
21.00
23.54
21.29
18.18
24.09
20.55
20.88
22.36
24.27
21.27
20.86
23.25
21.48
24.06
21.52
22.82
20.47
18.27
22.53
22.98
23.47
20.29
19.67
20.09
22.16
24.93
22.99
17.33
19.20
20.41
23.66
21.73
25.26
22.06
21.94
18.59
21.88
23.13
22.16
21.77
23.76
19.58
19.09
22.09
20.06
23.40
20.90
23.73
27.15
17.27
23.43
22.41
25.40
25.73
18.85
21.00
11.10
25.48
24.60
23.35
24.94
24.57
21.88
21.95
26.62
20.37
21.79
28.78
11.58
19.05
19.06
11.76
22.89
22.24
19.53
26.13
30.04
23.74
13.92
31.36
3.19
2.17
0.03
1.64
3.53
3.58
6.45
0.01
0.14
0.59
0.47
0.29
-0.05
-0.09
0.32
0.34
0.93
-0.18
0.31
-1.03
-0.10
0.52
-0.47
-0.12
0.60
5.51
-0.56
0.42
6.25
6.16
4.74
5.02
5.63
4.90
7.30
7.28
5.88
7.22
14.73
16.55
6.39
7.03
8.15
6.07
5.85
8.27
7.70
15.08
5.36
6.83
4.84
10.13
9.72
12.58
7.41
4.84
9.24
15.64
11.02
10.32
9.26
8.78
10.08
8.84
8.73
12.72
10.21
7.35
11.57
11.23
10.09
5.09
11.03
9.87
11.89
6.94
12.24
13.20
12.58
6.10
13.41
10.74
12.53
13.09
10.20
10.91
10.00
11.69
10.54
7.18
13.71
13.57
13.76
16.63
21.78
7.46
12.09
12.41
10.07
10.63
14.29
13.67
11.84
18.38
13.07
11.27
18.93
11.42
9.42
8.31
8.87
15.14
18.46
17.88
12.91
11.46
16.34
14.35
13.86
16.14
11.85
14.79
16.90
16.65
18.60
15.48
16.49
14.00
13.75
16.75
16.04
29.00
16.83
17.19
15.04
11.96
20.01
11.41
14.11
15.55
12.37
20.21
15.33
19.37
15.02
22.51
18.40
16.06
20.23
21.46
16.36
16.01
18.99
14.00
16.49
19.02
17.77
26.26
16.83
19.49
15.01
18.46
20.90
14.68
17.73
14.41
19.26
18.83
20.46
19.63
16.25
17.61
21.06
19.21
17.53
18.36
21.56
16.40
19.89
16.37
18.79
14.13
18.99
19.53
19.81
17.97
17.53
17.27
23.93
20.51
20.88
21.18
21.71
21.11
20.49
19.76
21.41
27.92
24.12
24.91
26.71
21.86
22.71
25.84
16.62
22.47
27.99
3.85
4.02
0.28
4.59
0.07
-0.07
-0.02
-0.03
-0.10
0.01
0.04
-0.11
0.12
-0.13
-0.01
0.10
2.20
0.07
0.22
10.02
1.98
2.44
-0.52
1.47
3.59
3.02
10.14
8.32
6.77
3.85
9.80
6.13
10.21
10.00
13.85
6.92
7.02
11.14
4.82
5.57
6.92
6.71
10.76
20.14
6.76
9.32
6.74
7.99
7.72
9.09
9.33
8.12
8.32
5.68
10.63
6.46
15.73
8.99
8.72
8.22
9.11
12.31
8.82
8.09
9.70
10.07
9.28
9.26
9.03
9.00
9.06
8.80
7.40
9.15
5.77
8.46
10.67
8.47
10.96
11.99
12.33
11.39
9.11
11.08
8.79
14.80
5.20
11.81
9.12
8.36
6.29
9.45
7.62
8.73
9.18
9.41
10.19
9.47
7.54
11.05
9.82
13.23
12.48
11.20
8.77
9.67
10.13
12.40
11.15
7.94
13.99
8.84
6.48
9.05
9.69
6.34
10.19
8.59
9.29
10.10
12.34
11.07
10.65
11.18
14.06
15.10
12.81
9.87
12.72
11.61
12.88
8.79
14.00
10.28
10.32
13.57
9.89
12.68
11.26
11.20
9.71
9.55
13.12
8.38
12.78
14.24
9.23
4.99
13.40
11.33
11.38
10.43
10.20
14.68
10.96
10.73
10.17
16.59
11.62
6.78
9.12
16.15
8.42
13.33
9.34
13.74
9.62
11.79
17.12
16.13
14.73
10.73
10.79
8.11
11.96
16.84
19.08
9.18
15.91
5.90
13.84
13.76
18.30
16.37
12.73
11.58
11.19
18.14
15.74
15.96
13.01
12.67
9.53
17.01
14.64
16.77
15.78
16.07
21.15
12.02
14.35
18.73
29.52
24.04
24.21
21.13
20.54
21.74
20.99
18.43
19.70
19.84
29.84
27.37
13.64
27.29
19.26
22.51
16.58
18.13
24.92
7.32
26.61
30.87
0.48
3.44
3.46
3.07
1.02
-0.11
2.13
0.11
0.25
3.52
0.16
2.21
1.28
2.43
-0.12
7.05
4.79
17.83
6.03
0.97
5.14
12.12
6.99
5.59
5.57
8.50
10.71
5.77
7.94
6.52
7.58
8.42
10.26
6.77
11.19
10.69
8.70
8.05
13.37
9.91
11.27
11.32
8.97
10.58
10.53
8.93
9.99
10.63
10.29
10.64
12.55
9.03
8.19
10.78
16.60
15.57
16.99
22.07
10.19
13.94
21.70
25.56
20.91
29.05
16.65
32.93
0.14
0.37
-0.17
-0.14
0.22
15.61
0.08
-0.12
-0.17
10.43
4.03
1.65
8.14
7.64
6.88
6.60
5.07
6.73
7.69
10.74
17.01
10.41
11.84
15.54
-0.17
3.86
4.03
3.14
6.81
2.91
3.26
5.98
9.18
3.01
13.07
7.64
5.27
16.22
5.24
5.33
6.41
9.23
9.13
5.20
15.28
16.52
11.13
19.23
22.19
31.10
26.07
33.17
24.86
33.31
1.65
-0.18
0.06
0.33
0.27
-1.06
0.27
7.09
6.90
4.86
3.56
3.32
4.24
2.93
5.99
5.35
4.79
4.28
7.94
7.41
7.85
5.58
7.52
6.89
14.83
6.81
9.56
6.26
9.54
7.92
9.28
6.47
11.23
12.55
19.48
12.48
31.52
11.24
20.76
12.83
15.30
16.31
14.98
28.32
17.43
15.33
15.26
19.58
25.89
18.66
16.93
19.14
15.64
26.67
19.70
16.03
18.29
21.25
21.62
31.65
26.05
23.10
19.32
27.22
24.07
30.05
21.26
32.06
31.22
36.42
30.68
32.83
28.44
31.48
29.65
27.46
33.81
31.71
37.02
29.08
32.26
31.24
29.81
28.65
32.13
26.40
20.23
27.82
25.67
26.66
16.18
30.01
35.43
37.70
31.82
-0.03
3.17
0.91
0.62
0.13
6.10
1.77
10.80
8.87
3.29
3.12
4.93
5.28
4.14
5.72
4.12
5.56
5.80
3.14
3.59
6.43
6.36
8.49
5.71
5.67
7.11
9.44
6.59
20.59
6.94
13.71
7.34
7.34
8.84
11.21
9.34
7.92
9.16
6.03
8.95
7.46
7.25
6.98
7.72
7.23
14.67
8.34
10.47
12.98
11.48
11.85
8.77
10.44
18.73
21.90
14.01
20.65
15.03
17.34
22.29
16.86
20.29
6.62
10.30
21.46
20.76
11.39
19.67
9.25
19.72
20.08
18.34
24.40
16.40
20.11
16.50
19.49
23.09
16.88
20.23
22.15
18.99
22.80
32.13
23.83
28.86
12.97
16.22
19.20
22.56
21.92
21.89
17.50
29.86
18.16
18.31
16.52
13.70
23.39
29.74
27.32
21.87
24.55
28.99
15.67
24.84
25.54
24.03
17.08
25.95
19.37
26.91
35.86
26.57
23.12
33.29
26.71
37.54
14.98
4.00
14.99
2.47
7.94
11.79
2.94
4.18
4.78
3.21
3.02
12.79
4.75
4.19
9.72
7.01
3.79
12.90
6.43
7.20
6.21
13.09
5.78
1.74
25.91
7.70
6.89
5.71
6.29
6.46
5.98
8.04
6.92
7.48
13.58
9.65
8.28
7.99
5.96
6.24
8.61
10.90
7.84
7.80
17.42
8.20
6.47
6.02
12.34
7.02
16.60
5.99
15.70
20.20
9.16
7.76
5.42
17.81
11.35
9.78
14.32
15.09
19.51
20.51
11.06
24.20
14.55
15.92
18.17
7.64
14.64
18.71
18.17
15.54
19.16
20.30
18.33
19.43
25.04
16.09
15.99
19.50
21.15
16.87
15.02
18.86
20.92
27.08
21.96
23.45
22.21
21.85
21.34
21.25
22.48
23.04
16.18
25.23
24.91
20.48
29.01
23.63
27.84
33.19
26.61
32.30
27.85
25.77
16.80
21.00
24.03
23.38
0.39
3.64
1.05
-0.31
-0.15
8.36
8.23
16.08
4.04
2.95
5.92
3.09
3.16
3.05
3.22
3.67
3.94
2.67
6.21
3.42
10.90
4.04
5.30
4.11
6.53
3.49
2.52
8.03
1.22
7.03
4.96
6.18
7.22
5.36
6.63
8.31
10.25
7.12
8.75
11.21
6.93
7.07
8.28
6.61
16.54
9.88
8.05
7.13
8.36
15.60
9.63
7.68
13.07
9.70
19.86
14.65
16.37
10.70
18.55
11.60
15.34
20.39
12.04
14.39
17.22
18.11
14.06
17.46
15.59
14.24
12.68
17.12
17.34
18.13
17.88
15.42
17.15
12.35
14.25
21.38
30.70
15.28
20.04
16.92
18.21
9.77
23.38
23.89
19.51
21.06
26.18
32.63
27.74
33.73
0.32
-0.06
0.05
-0.06
0.11
-0.07
0.00
0.41
-0.29
-0.25
0.03
-0.12
2.79
0.09
7.02
10.50
5.79
4.37
13.80
2.77
4.36
3.79
7.52
1.67
6.04
7.78
2.42
7.57
6.81
4.19
5.37
4.89
9.89
7.69
11.72
1.23
8.79
3.75
5.79
3.13
7.07
3.01
3.25
9.32
4.85
4.45
3.04
5.72
7.44
10.13
4.19
4.93
6.20
5.97
6.97
3.67
4.52
2.99
6.62
5.30
4.81
9.02
7.01
4.12
5.17
5.30
7.76
5.34
4.75
5.02
16.50
7.02
5.05
4.98
6.33
7.09
8.30
5.71
8.11
5.67
6.04
6.03
8.21
11.14
8.45
4.80
7.82
6.47
5.65
15.84
8.99
8.75
9.04
9.45
7.47
9.73
8.55
8.42
13.30
10.01
10.53
12.98
12.46
12.74
10.98
15.17
14.52
11.63
12.12
17.05
17.93
16.28
10.49
11.36
22.10
12.57
14.47
15.65
10.94
13.58
16.47
19.26
11.68
15.46
9.67
21.30
10.84
18.85
17.80
14.52
16.66
18.64
16.32
12.25
12.81
14.74
14.30
19.78
13.56
15.55
21.18
11.79
14.98
13.62
17.85
14.34
16.05
18.45
21.89
17.67
13.96
14.25
13.00
10.91
16.45
14.90
18.96
18.50
13.08
12.96
22.75
18.74
11.87
23.74
22.70
17.12
25.93
21.03
16.03
24.72
22.90
22.99
21.64
24.09
0.60
-0.38
-0.03
1.41
0.36
-0.39
0.02
0.90
0.81
0.78
2.78
-0.05
0.06
-0.10
1.16
5.57
0.08
-0.04
0.30
0.08
1.88
14.21
5.30
3.06
0.95
11.67
3.59
13.00
4.70
4.21
4.71
4.06
5.95
7.00
1.29
5.20
5.58
9.59
7.69
0.46
4.70
3.66
8.43
5.61
14.69
4.90
5.24
5.63
5.49
10.19
8.28
4.35
7.75
6.52
5.95
8.39
7.71
6.43
8.28
8.29
7.83
1.89
7.50
7.09
8.30
7.20
7.48
8.36
10.18
13.83
13.85
6.53
6.72
9.20
7.80
7.53
8.85
7.49
10.01
7.09
6.61
6.99
6.87
7.67
10.23
7.38
18.60
13.58
6.58
10.57
6.31
14.57
10.80
8.90
11.14
11.45
9.96
13.28
16.72
14.19
9.90
13.72
11.45
8.08
16.47
16.55
12.76
17.87
10.17
19.44
24.10
11.80
13.79
15.73
20.77
17.70
15.65
23.24
14.63
6.19
23.89
13.81
23.73
17.96
21.86
23.05
25.42
14.68
21.82
30.55
28.32
15.12
0.02
0.50
-0.11
0.09
0.18
-0.16
0.17
0.30
-0.21
0.79
8.13
-0.15
5.30
5.12
6.93
5.56
5.36
5.27
5.21
5.63
5.88
6.14
6.71
6.88
3.99
11.27
5.65
6.37
3.71
7.73
5.86
4.04
5.91
7.41
5.05
6.37
6.33
6.53
7.27
13.67
6.93
4.88
13.13
7.44
8.53
10.94
11.28
12.87
7.67
19.09
28.97
2.92
1.46
2.95
-0.36
2.98
-0.37
0.58
0.19
-0.11
6.91
0.44
-0.14
-0.11
1.65
