9.10
0.27
7.03
1.76
9.27
4.95
6.20
7.04
8.93
11.40
5.30
9.10
9.99
6.21
7.11
3.55
7.08
8.26
7.33
6.53
9.06
8.63
5.01
1.98
3.33
-0.04
-0.39
-0.11
9.68
1.38
7.31
7.64
15.10
14.79
21.18
20.31
20.19
24.60
-0.04
5.73
-0.56
2.37
-0.06
8.76
7.95
8.77
8.47
7.43
8.47
7.38
7.72
6.50
5.01
3.00
4.06
5.27
3.12
3.47
3.65
8.08
3.16
2.90
3.30
4.35
4.33
5.07
3.39
4.48
12.04
7.13
8.59
8.92
5.21
5.61
4.02
4.12
4.76
4.73
3.58
5.79
8.51
6.35
7.01
6.02
4.84
6.65
8.40
5.61
3.41
8.02
6.48
6.56
7.08
6.46
6.81
5.13
4.17
8.87
7.97
10.84
7.33
5.62
13.40
6.77
6.62
6.71
7.67
9.19
7.26
6.43
7.36
7.49
12.14
7.43
7.33
6.42
7.84
7.44
7.01
9.63
8.02
7.82
6.61
7.56
7.91
9.05
11.13
9.84
9.98
8.11
12.01
10.69
10.04
12.19
11.64
12.10
9.73
6.71
10.36
10.63
10.69
11.54
13.75
13.18
19.33
17.47
12.94
18.44
13.28
28.80
27.59
31.78
26.37
30.99
28.10
0.51
3.61
0.34
0.03
-0.38
2.29
9.12
7.98
6.98
2.00
3.04
3.47
2.69
3.21
4.31
6.50
4.62
1.10
3.30
4.41
5.81
3.56
3.79
5.79
3.11
3.72
6.15
4.65
5.92
4.92
11.84
6.60
6.17
3.32
5.18
6.83
5.95
8.46
7.40
5.02
6.81
7.02
9.74
7.20
8.91
4.06
8.05
10.71
6.49
5.72
17.95
8.06
7.09
8.70
11.46
7.99
7.79
10.15
9.71
8.95
9.91
10.17
9.01
7.93
5.67
7.62
8.26
12.51
10.08
8.79
8.38
12.57
12.13
10.03
8.34
15.86
9.29
13.00
10.54
13.72
10.32
18.06
6.32
12.24
12.65
9.95
6.01
13.02
15.02
14.23
7.19
14.35
22.05
17.48
14.66
13.09
8.27
19.69
14.86
14.86
13.61
11.63
14.64
7.06
15.24
14.42
14.94
14.41
13.75
13.72
11.20
9.71
12.58
10.38
13.67
14.35
11.27
15.99
14.84
14.12
18.53
22.44
14.63
15.06
19.18
19.01
4.33
9.52
8.15
14.24
19.04
17.59
19.32
19.18
17.97
17.83
21.06
18.88
17.53
19.54
17.35
19.35
13.84
17.09
16.39
15.26
16.57
24.01
22.31
17.89
21.99
11.37
19.61
23.72
22.86
33.91
29.47
22.71
28.93
28.90
30.86
35.48
32.31
33.31
29.74
0.44
3.13
-0.09
0.24
9.56
2.34
5.57
-0.04
7.03
0.64
-0.07
0.14
1.44
6.41
-0.15
0.56
3.83
2.78
4.24
3.17
4.40
11.25
3.17
3.42
4.93
15.64
7.71
4.11
2.99
4.72
6.85
4.97
1.76
6.79
6.43
5.39
5.91
11.14
14.61
4.72
16.75
5.37
8.62
9.36
8.22
8.74
7.82
16.88
9.42
10.79
17.04
9.34
9.97
8.42
16.30
11.96
12.98
16.74
17.85
11.22
18.34
10.61
9.74
17.54
11.15
19.32
10.20
8.82
19.55
14.88
11.98
9.89
22.47
20.54
14.76
21.64
18.22
20.51
24.69
11.10
15.51
21.07
18.61
12.08
12.79
16.96
18.28
22.51
13.11
18.73
22.24
14.37
15.48
19.24
22.27
14.45
20.36
17.11
18.15
12.64
20.90
22.90
19.44
11.00
17.16
18.21
18.46
19.02
18.31
21.11
15.77
18.41
15.04
15.35
15.97
17.30
20.93
19.70
18.08
15.68
12.69
14.61
19.18
21.99
20.50
22.27
15.45
17.75
17.65
20.63
18.80
14.20
19.57
19.92
21.38
14.61
17.79
20.81
20.05
19.74
19.36
15.46
20.36
23.33
18.73
18.82
15.09
19.46
20.64
23.72
20.83
10.20
15.03
22.41
22.03
22.14
19.39
20.83
20.69
18.26
22.78
27.50
17.67
22.27
24.40
17.13
22.21
17.88
19.67
23.52
22.56
22.50
19.19
22.00
19.70
19.94
19.67
18.96
22.47
22.64
23.78
20.91
8.40
21.07
23.13
12.10
18.03
22.10
22.12
23.93
18.23
21.94
20.56
17.54
22.23
20.68
22.01
9.03
22.71
20.49
21.94
22.72
22.11
20.41
22.64
22.03
22.67
22.97
22.58
20.24
24.35
20.22
15.89
18.66
18.17
20.98
22.45
20.99
19.10
23.62
20.31
20.73
19.41
18.57
22.78
21.71
22.24
24.46
15.10
20.29
18.44
29.57
18.85
19.96
20.71
18.64
26.81
17.60
29.30
18.55
30.35
17.29
14.46
23.30
26.41
3.54
0.07
2.86
0.43
1.78
0.13
2.80
0.20
0.82
9.01
1.67
1.17
0.04
-0.27
-0.02
0.17
0.79
-0.14
3.51
8.93
15.18
-0.03
2.86
17.92
3.02
4.14
3.16
21.00
5.66
2.40
15.25
5.01
6.59
4.41
5.88
5.21
20.04
12.26
19.73
5.98
10.36
6.90
9.95
13.50
8.73
13.24
7.27
7.50
7.69
7.32
8.61
9.17
11.23
17.54
22.06
12.33
8.38
6.99
8.74
5.76
17.44
6.83
12.33
10.38
16.32
16.86
12.84
22.51
11.44
7.97
11.49
12.14
7.48
12.21
16.77
18.30
12.69
10.29
10.29
14.26
19.59
14.76
18.31
19.05
19.21
18.28
12.09
20.53
11.99
8.92
13.51
16.10
13.25
18.45
18.76
20.10
15.57
11.81
18.61
18.16
15.16
22.06
17.91
16.70
18.59
10.61
15.46
19.20
10.24
19.16
17.83
22.58
16.71
11.44
10.87
16.69
5.57
16.12
16.60
13.90
19.43
10.75
19.25
14.97
18.24
15.54
18.31
21.79
16.29
22.29
14.10
19.12
16.83
21.35
22.75
18.46
17.97
22.39
20.26
18.99
16.83
21.40
16.23
12.97
20.60
23.45
19.39
20.24
16.14
18.58
14.83
18.69
20.64
20.51
17.46
21.79
21.86
20.38
18.96
19.47
23.58
19.98
22.49
16.37
19.17
13.52
20.71
22.93
20.68
18.12
16.29
19.74
21.77
20.02
20.95
24.70
23.71
20.67
18.00
19.03
10.84
22.48
22.26
23.43
23.33
20.27
22.48
18.14
19.52
26.74
18.89
21.56
22.27
22.03
22.46
21.35
18.35
20.25
17.94
20.74
20.86
26.34
15.37
16.50
22.48
23.02
21.55
18.48
22.55
20.99
21.40
23.38
8.72
21.46
22.23
18.55
13.23
24.60
22.67
19.50
21.11
21.30
20.40
22.64
15.86
21.61
21.63
23.26
26.97
20.62
17.51
22.91
25.17
21.93
22.81
21.03
25.38
21.97
20.74
22.90
18.83
25.27
21.21
22.34
20.24
22.36
20.68
22.17
22.20
21.71
19.34
21.44
25.93
22.64
24.80
16.68
18.57
20.50
23.09
21.59
20.00
21.65
22.80
20.60
19.87
27.95
21.55
23.00
20.97
22.56
24.83
23.51
22.32
24.06
22.34
21.37
15.14
24.15
22.29
23.23
23.32
21.31
21.08
22.48
21.70
19.72
25.71
26.36
23.43
28.11
22.87
23.74
21.85
22.92
21.33
24.40
18.87
26.18
22.56
21.71
26.57
23.59
27.88
25.68
28.25
22.88
21.54
25.95
23.82
22.22
18.54
22.29
18.03
24.37
23.88
22.89
19.93
22.40
23.94
24.34
17.81
22.77
20.00
23.85
23.87
23.55
23.73
21.77
25.72
15.94
26.66
23.59
28.77
19.74
20.57
27.08
20.27
26.65
26.48
18.56
19.08
19.02
23.06
24.93
19.31
22.28
26.80
19.06
11.66
22.71
24.03
25.12
20.24
20.70
20.98
19.40
25.16
33.86
24.47
22.13
24.59
25.07
25.58
24.72
27.11
21.39
23.63
30.82
28.20
31.94
24.60
26.63
26.08
25.47
28.70
29.40
20.16
19.46
19.85
19.12
24.81
28.87
11.26
27.76
27.28
18.47
23.88
30.91
29.71
23.46
22.39
28.22
20.88
27.14
28.36
8.47
30.22
28.93
30.26
28.48
26.31
30.73
18.38
31.16
4.07
0.64
-0.12
3.39
3.11
4.11
3.22
22.56
2.00
16.98
2.38
7.71
6.38
7.71
14.09
5.90
7.33
6.31
14.82
10.79
9.81
6.44
9.84
9.54
12.69
14.43
13.47
20.37
10.55
8.60
13.67
22.85
7.02
17.94
10.77
18.50
13.10
23.68
18.43
22.78
27.23
14.15
20.30
14.84
19.31
20.09
18.36
12.78
22.65
23.14
20.37
15.21
25.43
16.62
17.03
10.44
19.74
23.32
20.16
19.75
15.04
15.21
22.85
11.91
21.59
20.58
19.72
18.20
22.04
28.35
15.20
24.16
20.79
24.58
21.33
25.04
15.63
22.77
19.80
24.50
16.78
15.25
25.90
22.34
22.00
18.38
14.34
17.06
22.10
24.77
19.20
23.84
20.93
20.92
22.46
24.32
16.94
21.78
18.22
22.14
14.64
21.98
25.45
20.09
10.20
19.04
21.45
19.98
22.01
22.51
24.19
22.56
20.43
21.54
20.50
21.29
22.78
19.65
27.60
21.47
21.73
21.36
24.19
20.30
20.74
19.47
21.53
23.16
20.21
22.26
23.07
21.50
22.74
22.48
22.78
24.02
20.18
23.74
21.56
24.79
11.53
17.23
22.16
27.20
21.33
21.45
19.45
22.58
21.60
20.96
22.56
21.99
26.43
23.93
22.08
23.75
21.67
21.44
23.03
20.24
23.79
16.57
22.06
21.73
22.31
23.29
19.32
21.92
24.22
22.69
19.91
20.57
24.91
25.57
23.89
21.94
20.10
26.68
23.39
22.49
24.14
22.18
24.61
21.28
20.43
9.90
22.92
27.79
27.40
23.25
20.62
28.95
20.45
23.30
26.79
22.19
20.43
19.61
24.02
23.73
23.87
21.33
19.89
22.45
22.95
24.92
19.36
23.69
22.35
20.85
24.55
22.16
23.03
20.44
24.72
23.28
25.21
22.78
22.50
25.13
22.39
25.13
25.48
20.03
21.48
25.36
24.45
18.57
21.10
20.68
26.51
16.91
24.98
24.49
24.56
17.51
23.70
22.37
22.79
21.85
22.23
25.41
23.06
26.28
21.01
24.74
27.99
18.27
27.70
22.08
24.14
21.86
26.61
22.61
19.71
19.28
22.19
26.40
22.35
21.80
23.49
24.34
23.65
23.96
23.90
22.45
22.06
29.21
19.34
25.49
25.58
21.35
22.47
22.98
21.91
25.26
26.86
25.96
21.78
27.06
20.50
26.61
22.34
20.27
20.81
22.99
23.33
22.70
25.15
27.72
22.41
30.72
21.56
26.48
16.68
26.42
20.73
25.14
15.14
14.35
12.98
26.97
25.14
21.45
26.92
24.84
24.63
26.78
19.55
24.00
28.83
20.92
19.92
26.22
27.04
25.11
24.40
23.58
24.55
27.48
21.56
25.93
29.35
24.28
28.49
24.02
23.32
28.29
22.66
18.80
22.54
11.23
12.72
19.43
22.16
29.35
26.66
27.82
21.03
24.35
22.43
27.84
19.84
22.85
24.46
30.39
23.04
22.07
28.37
26.11
26.70
30.77
27.78
29.84
36.10
23.56
25.15
28.48
26.68
27.70
27.02
28.50
23.82
21.73
22.22
25.33
12.49
20.90
25.95
25.10
30.19
37.58
28.44
33.97
29.77
24.87
26.80
32.60
24.81
0.17
11.72
-0.04
-0.51
-0.25
0.84
18.03
-0.08
-0.56
0.96
-0.01
-0.29
16.19
15.12
9.64
4.33
5.23
14.07
9.12
7.99
8.13
11.58
14.39
12.67
15.23
9.55
12.18
12.05
8.45
8.77
9.14
12.01
14.00
12.61
10.29
12.12
17.44
13.77
12.31
15.09
14.18
10.13
10.19
10.82
14.16
10.75
17.26
8.75
11.06
13.99
12.09
10.52
21.28
11.39
22.20
9.43
12.44
21.61
13.24
17.51
22.45
13.43
11.19
19.02
19.80
18.13
13.09
11.94
14.42
22.93
15.70
19.59
17.49
17.93
21.25
13.50
20.64
14.79
10.24
21.44
22.71
11.22
17.02
17.16
19.33
15.84
18.92
22.30
15.63
18.95
16.04
19.01
17.68
20.07
19.35
18.88
22.79
22.50
24.82
17.63
21.74
23.91
22.26
19.48
18.15
20.05
19.71
15.93
23.03
19.70
19.25
19.28
15.67
21.11
22.02
22.67
23.17
22.38
19.73
15.54
22.94
15.81
24.14
21.13
22.55
17.08
16.50
21.19
19.58
22.00
24.12
21.77
20.38
22.07
13.69
21.44
10.64
12.56
23.68
16.83
21.03
26.63
24.06
21.46
20.23
19.94
17.62
19.91
21.14
20.14
18.46
21.48
13.46
18.25
23.93
19.18
19.42
20.72
24.19
21.47
21.08
22.42
21.14
22.77
12.25
20.12
21.42
20.74
21.95
23.41
20.59
21.33
22.89
21.42
19.89
21.97
3.67
24.24
22.47
22.55
22.41
22.98
20.83
20.67
22.27
11.11
17.88
24.29
24.42
21.63
19.44
23.32
19.66
19.17
22.26
23.63
20.58
20.33
23.33
23.35
20.99
19.89
22.40
20.09
18.03
21.69
22.80
23.27
20.04
19.90
20.84
20.86
24.12
22.99
17.30
21.26
19.12
25.49
21.71
28.28
21.01
21.98
17.93
23.16
22.51
22.24
22.28
23.59
18.99
18.65
22.43
19.18
22.45
21.90
22.18
22.60
19.31
23.93
20.77
25.00
21.58
18.92
19.66
11.43
29.33
24.18
23.25
26.12
23.39
20.50
20.46
22.70
21.90
16.84
25.14
6.90
15.97
18.49
7.60
21.89
23.44
19.02
22.48
23.76
18.98
14.67
20.01
6.14
4.39
0.48
1.96
3.19
3.42
5.42
0.00
0.11
0.55
0.49
0.19
-0.06
-0.05
0.24
0.37
1.09
-0.18
0.26
-0.91
-0.10
0.35
-0.63
-0.21
0.60
6.29
-0.46
0.43
6.69
5.89
4.94
5.54
6.36
4.85
8.36
8.63
6.27
7.46
16.64
11.10
7.26
7.22
7.62
5.91
6.42
8.34
7.28
14.92
4.84
7.55
6.40
9.51
11.05
13.80
6.77
5.02
8.22
18.89
11.78
11.17
9.18
9.13
8.71
9.62
8.61
13.21
9.80
8.53
11.13
11.93
9.87
5.11
10.65
8.30
10.60
6.63
12.09
13.62
12.43
6.59
13.47
9.35
12.71
13.21
10.00
10.74
10.20
13.15
10.78
6.96
14.94
15.11
12.25
17.12
22.52
8.28
12.19
13.33
12.01
9.55
17.22
13.00
11.46
17.57
15.58
11.37
16.66
9.96
9.90
7.74
9.77
15.61
19.26
14.42
12.93
11.71
15.43
16.28
13.12
14.76
11.32
13.94
18.22
16.83
19.49
14.90
18.59
13.95
12.62
17.39
16.28
29.16
16.76
16.54
16.24
12.27
18.57
11.80
14.15
14.71
12.63
19.57
17.06
18.76
14.45
23.41
17.59
16.75
20.13
19.86
17.94
15.84
19.85
14.45
15.94
17.28
18.65
20.55
17.34
18.68
14.51
20.09
21.31
13.32
19.09
14.00
18.65
18.95
20.14
18.60
18.28
17.32
20.33
15.42
18.66
16.94
22.11
17.48
20.79
16.19
18.70
13.94
20.58
19.52
21.21
16.62
16.21
16.22
22.88
20.30
20.47
19.92
20.81
21.47
22.05
21.20
21.90
24.28
20.87
18.58
23.92
20.51
23.47
26.14
17.34
21.91
26.48
4.53
3.54
0.12
4.71
0.08
-0.10
-0.01
0.12
-0.15
-0.03
0.08
-0.05
0.18
-0.11
-0.01
0.18
1.54
0.03
0.19
18.37
2.22
2.72
-0.33
1.06
7.07
3.17
9.67
9.05
9.77
5.69
11.96
6.36
10.21
13.95
12.49
7.05
5.93
12.63
5.74
5.65
7.12
6.75
13.38
21.78
6.52
10.75
6.66
8.49
6.30
8.83
9.33
7.30
6.50
6.92
11.47
6.76
16.72
9.19
8.82
8.31
8.31
12.78
9.01
7.64
9.64
8.99
8.34
9.56
9.63
8.54
10.20
7.27
7.38
8.88
4.82
8.63
8.95
5.83
9.98
12.16
13.78
10.80
8.81
10.86
7.87
13.61
5.20
12.00
9.13
9.69
6.98
8.39
8.62
8.11
8.47
9.25
9.32
9.38
7.34
12.73
10.12
11.51
12.49
11.28
8.87
9.04
10.20
12.37
10.73
8.08
13.50
8.70
6.40
7.47
9.14
6.72
8.84
8.91
9.89
9.87
12.58
8.52
9.99
9.91
13.32
14.73
13.10
11.92
12.35
10.59
13.58
10.12
12.45
9.51
10.00
13.47
10.37
10.60
11.47
9.60
10.07
9.43
13.25
8.55
11.81
14.22
9.00
6.18
13.04
12.68
11.56
10.67
8.67
14.93
11.24
10.39
9.44
19.01
11.27
6.59
8.82
18.30
8.22
14.16
8.59
12.68
8.77
11.98
14.91
15.17
16.23
11.91
9.42
7.65
12.12
15.62
19.04
8.13
16.02
6.29
14.03
9.25
15.63
17.03
11.89
11.47
11.99
18.51
14.05
15.14
9.76
13.02
9.40
17.85
14.88
16.18
14.73
16.39
16.28
11.62
13.54
20.37
30.78
23.43
22.09
18.24
19.90
21.45
20.72
20.28
18.37
17.86
27.50
30.87
11.90
26.92
18.57
20.19
19.62
16.10
25.54
5.99
31.16
26.68
0.55
3.34
3.39
2.86
0.76
-0.07
3.33
0.07
0.11
5.76
0.29
1.70
0.99
2.60
-0.04
6.92
4.57
19.17
5.64
0.86
4.08
13.17
6.22
8.54
5.94
7.72
10.58
4.95
8.66
4.95
7.01
8.97
9.75
6.29
10.23
12.54
8.06
8.08
12.92
10.64
12.74
13.77
9.68
12.61
12.05
7.62
11.08
9.01
9.60
8.17
12.27
9.90
7.08
13.11
16.12
14.73
14.77
19.08
9.81
11.40
18.26
24.35
19.48
27.16
15.45
29.64
0.13
0.34
-0.15
-0.12
-0.09
10.98
0.05
-0.05
-0.14
9.24
3.53
1.86
7.16
7.47
7.44
7.37
5.49
6.22
8.38
9.37
19.53
10.28
10.89
15.36
-0.19
6.11
4.25
2.90
5.22
3.14
3.39
6.70
10.52
3.03
12.23
7.52
5.25
16.87
6.08
5.17
4.44
9.86
9.90
4.27
16.83
16.75
10.51
15.04
19.70
29.98
23.88
27.74
26.64
30.40
3.51
0.03
0.05
0.25
0.32
-0.47
0.18
8.85
6.58
7.64
3.59
3.15
3.64
2.80
7.08
6.37
4.94
5.01
8.66
6.34
7.70
7.92
7.29
5.92
13.37
7.13
12.12
6.32
11.86
7.22
8.99
5.54
10.56
15.42
17.12
11.55
33.10
12.69
22.07
12.52
18.04
13.09
13.69
26.25
14.43
15.79
16.51
21.19
22.92
18.79
17.41
17.98
16.88
27.50
20.06
16.56
19.53
20.58
19.44
32.18
23.19
22.13
17.79
28.87
22.47
30.40
20.86
31.53
26.42
36.43
31.56
32.81
29.32
33.60
36.07
33.26
34.34
30.66
35.03
30.47
34.89
30.15
30.45
28.69
27.09
27.81
23.28
28.56
22.74
24.82
17.66
27.49
28.73
36.00
27.27
0.16
3.75
1.30
1.23
0.08
6.05
1.26
14.64
11.44
2.96
2.91
5.26
5.52
3.87
6.09
3.82
6.03
4.71
3.33
2.84
6.31
5.54
8.61
5.78
6.86
7.40
7.80
7.80
18.25
7.54
12.83
7.16
7.06
11.04
15.79
9.28
8.01
8.44
6.59
7.92
6.10
8.25
6.79
7.25
5.48
10.08
8.17
12.02
13.05
11.80
13.89
9.96
10.34
17.46
21.71
16.01
19.24
15.46
19.64
23.61
18.40
20.13
8.36
9.11
19.75
18.98
12.01
20.14
14.16
17.14
19.62
17.43
22.34
17.21
20.33
15.72
18.63
22.83
19.05
21.28
24.79
20.00
22.27
24.38
23.61
26.07
15.18
10.08
19.13
21.56
22.45
21.88
11.26
30.28
21.42
24.78
15.90
10.44
19.64
26.67
24.95
25.04
17.72
30.32
12.06
22.64
24.78
28.96
17.19
32.06
20.24
28.57
33.44
28.73
27.84
32.00
24.29
34.50
12.52
5.71
18.79
2.64
7.60
12.32
3.47
3.64
4.12
3.79
3.41
15.02
4.71
4.01
10.43
9.64
2.55
13.35
6.57
6.05
6.23
13.67
6.57
0.70
28.62
6.82
6.92
6.58
6.78
7.15
5.95
7.29
7.77
7.62
16.90
8.75
10.43
8.67
6.43
6.54
9.30
11.38
8.22
6.41
19.68
8.07
7.60
6.82
9.38
5.82
18.95
9.50
20.78
20.12
9.42
7.37
10.00
18.03
12.25
8.65
13.71
16.55
21.17
23.74
9.81
23.75
14.44
16.48
17.66
10.85
17.56
20.45
19.52
13.23
17.55
22.29
17.40
20.04
17.07
18.05
16.33
20.14
20.20
13.94
15.34
20.82
17.98
27.43
21.82
19.95
21.61
22.15
21.72
20.36
22.35
22.80
16.68
23.78
28.79
16.46
24.95
24.23
26.80
32.10
27.72
30.29
27.17
25.76
15.17
23.74
22.90
15.47
0.23
3.98
0.79
-0.23
-0.07
7.67
10.26
9.06
5.11
3.63
5.91
3.30
3.39
4.12
6.69
3.87
4.12
2.96
6.60
3.79
6.15
6.56
6.33
5.54
6.93
3.60
3.35
9.31
1.32
7.12
5.90
6.12
7.85
5.51
7.03
6.51
11.60
6.48
7.02
10.35
8.37
7.54
8.54
6.64
19.22
9.52
8.45
7.21
7.78
16.05
9.32
7.35
14.51
10.02
19.17
14.23
17.01
11.38
21.40
11.00
14.86
21.96
12.63
13.71
18.62
18.66
14.43
18.08
14.88
13.43
15.63
17.39
16.71
18.69
16.39
16.17
15.31
12.02
14.78
25.92
29.59
12.84
20.13
15.71
17.09
11.53
18.14
24.81
18.86
16.11
24.05
30.75
23.56
33.53
0.20
-0.02
0.02
-0.04
0.07
-0.06
-0.01
0.26
-0.31
-0.18
0.06
-0.13
3.01
0.17
6.58
10.10
7.71
5.03
14.57
3.02
7.65
4.34
6.27
2.95
6.19
7.61
1.77
8.11
6.55
5.02
4.94
5.87
10.01
7.41
10.72
1.33
9.43
3.36
6.31
3.13
7.29
2.84
3.63
8.98
5.37
4.90
3.85
6.16
6.69
12.65
4.09
5.31
7.08
6.74
7.86
3.54
4.35
3.59
7.18
5.90
4.79
6.83
6.64
5.56
5.30
9.10
7.08
5.04
5.76
6.12
19.79
6.68
5.01
5.33
6.68
6.85
8.50
5.85
7.36
4.80
5.90
5.70
8.31
11.33
8.40
6.04
8.99
6.48
5.17
18.49
7.80
8.31
8.90
11.98
7.19
9.05
7.93
7.77
15.50
9.14
10.70
13.93
12.50
13.21
10.74
16.49
15.40
9.91
9.74
18.35
19.64
18.98
9.72
13.92
22.78
11.20
18.30
16.43
9.73
13.41
16.94
16.12
13.47
16.82
12.38
19.16
11.04
19.55
17.22
13.83
18.31
19.27
18.67
13.37
14.40
14.97
14.40
20.80
13.63
16.94
22.22
13.15
14.88
15.07
17.99
15.42
16.47
18.34
20.87
16.89
12.58
13.83
14.19
12.26
16.59
12.57
18.46
17.03
12.02
13.04
22.24
19.74
21.61
24.24
24.06
19.21
24.00
24.11
17.66
20.50
21.81
20.40
21.03
25.72
0.48
-0.32
-0.04
1.25
0.39
-0.24
0.02
0.68
0.69
0.58
2.40
-0.02
0.03
-0.10
2.66
4.41
0.10
-0.03
0.19
0.05
1.72
10.64
4.15
3.17
3.04
13.77
3.89
13.85
4.87
4.97
5.95
3.41
4.94
10.64
1.24
5.23
5.79
13.24
8.91
0.56
5.42
3.77
7.46
6.33
15.91
5.14
4.90
6.54
5.89
10.42
8.95
6.40
8.53
7.80
6.87
8.01
8.27
6.22
7.79
7.47
7.38
2.73
8.47
7.88
7.70
8.08
6.29
8.43
13.01
15.52
13.18
6.07
7.10
7.91
7.93
8.50
8.71
7.73
10.10
6.95
8.03
6.45
6.58
6.79
8.85
8.59
22.82
14.14
7.15
11.41
6.34
15.23
9.29
7.87
11.67
13.14
10.51
11.87
19.05
18.29
11.01
14.02
11.88
7.92
16.42
16.71
13.06
19.92
11.14
22.16
21.40
9.99
15.71
16.47
21.68
16.88
15.58
26.19
14.80
11.41
20.67
14.64
24.26
21.02
24.18
25.40
26.25
8.46
19.58
32.12
29.33
14.35
0.16
0.09
-0.10
0.07
0.17
-0.05
0.15
0.13
-0.38
0.31
7.76
-0.11
5.91
5.44
7.62
4.89
7.20
4.74
6.34
7.01
6.09
6.25
7.18
6.29
4.41
14.59
6.19
6.20
4.35
8.16
6.49
4.33
5.85
7.76
5.15
8.00
6.21
6.30
7.31
15.17
7.18
5.06
14.58
7.83
10.18
13.15
14.83
14.62
6.57
22.94
29.32
2.56
1.95
1.80
-0.29
2.17
-0.27
0.39
0.04
-0.09
6.23
0.42
-0.03
-0.14
2.93
