13
14
15
18
19
20
22
25
26
27
28
31
32
35
36
37
38
40
41
42
43
45
46
47
48
49
50
51
52
53
54
55
56
57
58
60
63
65
67
68
70
71
72
73
74
75
79
80
81
82
83
84
85
87
88
91
92
93
96
97
98
99
100
101
102
103
104
106
107
108
109
111
112
113
115
116
117
118
119
120
121
122
123
124
125
126
127
130
131
132
133
134
136
137
138
139
140
141
142
146
147
148
150
151
152
153
154
155
156
157
158
160
161
162
163
164
165
166
169
170
171
172
173
174
175
176
177
178
179
180
181
182
183
184
185
186
187
188
189
190
192
193
194
195
197
198
199
200
201
202
204
205
206
207
208
209
211
213
214
215
216
217
218
219
220
221
222
224
225
227
228
230
231
232
233
236
237
238
239
240
241
242
243
244
245
246
248
249
250
251
252
253
254
255
