FID,LEVL_CODE,NUTS_ID,CNTR_CODE,NUTS_NAME,FID_1,Rowid_,FID_12,COUNT,AREA,Rowid_1,FID_12_13,COUNT_1,AREA_1,MIN,MAX,RANGE,MEAN,STD,SUM,VARIETY,MAJORITY,MINORITY,MEDIAN
0,3,DE600,DE,Hamburg,DE600,3,3,2166794,216679400.000000000000000,1,0,2320748,232074800.000000000000000,20,368,348,110.385059472204650,51.045778729449673,256175906.000000000000000,348,72,361,100
1,3,DE711,DE,"Darmstadt, Kreisfreie Stadt",DE711,4,4,216701,21670100.000000000000000,2,1,227044,22704400.000000000000000,20,317,297,109.973476506756400,47.861410555961271,24968818.000000000000000,289,89,300,100
2,3,DE712,DE,"Frankfurt am Main, Kreisfreie Stadt",DE712,5,5,749069,74906900.000000000000000,3,2,790764,79076400.000000000000000,20,393,373,137.348942288723320,58.214290414088374,108610599.000000000000000,367,103,375,131
3,3,DE713,DE,"Offenbach am Main, Kreisfreie Stadt",DE713,6,6,132289,13228900.000000000000000,4,3,141482,14148200.000000000000000,20,370,350,120.392226572991620,48.563657025259886,17033333.000000000000000,342,104,320,115
4,3,DE714,DE,"Wiesbaden, Kreisfreie Stadt",DE714,7,7,419863,41986300.000000000000000,5,4,460511,46051100.000000000000000,20,346,326,109.781355928522880,46.883487678677540,50555522.000000000000000,313,102,321,104
5,3,DE715,DE,Bergstraße,DE715,8,8,609859,60985900.000000000000000,6,5,671363,67136300.000000000000000,20,301,281,85.626498630398160,31.572120492659579,57486463.000000000000000,276,80,281,83
6,3,DE737,DE,Werra-Meißner-Kreis,DE737,9,12,261705,26170500.000000000000000,7,6,280556,28055600.000000000000000,20,321,301,88.423722893112242,30.294921999739572,24807806.000000000000000,286,86,275,85
7,3,DE803,DE,"Rostock, Kreisfreie Stadt",DE803,10,13,241050,24105000.000000000000000,8,7,249202,24920200.000000000000000,20,336,316,100.985766566881480,48.625393397388052,25165855.000000000000000,302,102,316,94
8,3,DE804,DE,"Schwerin, Kreisfreie Stadt",DE804,11,14,163302,16330200.000000000000000,9,8,173413,17341300.000000000000000,20,327,307,87.416306735942513,46.414929069944328,15159124.000000000000000,295,56,299,76
9,3,DE80L,DE,Vorpommern-Rügen,DE80L,12,15,650673,65067300.000000000000000,10,9,781487,78148700.000000000000000,20,308,288,71.960763262856574,34.576022250290976,56236401.000000000000000,277,58,272,64
10,3,DE923,DE,Hameln-Pyrmont,DE923,13,16,393387,39338700.000000000000000,11,10,438626,43862600.000000000000000,20,342,322,83.543675021544544,31.895229402207548,36644428.000000000000000,310,73,277,79
11,3,DE94E,DE,"Osnabrück, Landkreis",DE94E,14,17,936102,93610200.000000000000000,12,11,1038890,103889000.000000000000000,20,316,296,80.336315683084834,30.601428174988765,83460595.000000000000000,294,72,281,76
12,3,DE94F,DE,Vechta,DE94F,15,18,451163,45116300.000000000000000,13,12,494467,49446700.000000000000000,20,324,304,86.498223339474620,33.711035463912175,42770517.000000000000000,296,74,302,80
13,3,DE94G,DE,Wesermarsch,DE94G,16,19,323552,32355200.000000000000000,14,13,388426,38842600.000000000000000,20,340,320,76.066089808612190,38.485215623388250,29546047.000000000000000,314,61,315,68
14,3,DEA59,DE,Olpe,DEA59,17,20,389268,38926800.000000000000000,15,14,440046,44004600.000000000000000,20,343,323,97.621039618585328,37.223292994132485,42957748.000000000000000,312,82,301,92
15,3,DEA5A,DE,Siegen-Wittgenstein,DEA5A,18,21,742388,74238800.000000000000000,16,15,851590,85159000.000000000000000,20,331,311,94.483799715825697,36.992724847734102,80461459.000000000000000,294,78,297,87
16,3,DEA5B,DE,Soest,DEA5B,19,22,933581,93358100.000000000000000,17,16,1052308,105230800.000000000000000,20,312,292,84.956050890043599,34.006925071820113,89399932.000000000000000,287,76,294,80
17,3,DEA5C,DE,Unna,DEA5C,20,23,852558,85255800.000000000000000,18,17,926978,92697800.000000000000000,20,364,344,93.643365861972995,36.338515386168730,86805340.000000000000000,337,79,340,88
18,3,DEB11,DE,"Koblenz, Kreisfreie Stadt",DEB11,21,24,202698,20269800.000000000000000,19,18,213097,21309700.000000000000000,20,359,339,103.528022449870250,44.733085358290083,22061511.000000000000000,321,79,321,94
19,3,DE925,DE,Hildesheim,DE925,25,29,704095,70409500.000000000000000,20,19,764342,76434200.000000000000000,20,324,304,87.737493164054840,33.025112158387458,67061451.000000000000000,282,77,277,83
20,3,DE926,DE,Holzminden,DE926,26,30,238663,23866300.000000000000000,21,20,279812,27981200.000000000000000,20,307,287,81.882031506868898,31.709339184785637,22911575.000000000000000,276,76,263,78
21,3,DE927,DE,Nienburg (Weser),DE927,27,31,274241,27424100.000000000000000,22,21,302768,30276800.000000000000000,20,354,334,78.537665803519531,31.272973295281613,23778692.000000000000000,308,73,298,74
22,3,DE928,DE,Schaumburg,DE928,28,34,330143,33014300.000000000000000,23,22,359787,35978700.000000000000000,20,302,282,80.396462351335657,28.562595094365722,28925602.000000000000000,265,72,256,76
23,3,DE929,DE,Region Hannover,DE929,29,35,2100815,210081500.000000000000000,24,23,2242970,224297000.000000000000000,20,361,341,92.077093318234304,39.158703370012589,206526158.000000000000000,336,75,334,84
24,3,DE931,DE,Celle,DE931,30,36,554855,55485500.000000000000000,25,24,613504,61350400.000000000000000,20,328,308,71.996241263300647,28.745354130866271,44169982.000000000000000,287,61,286,67
25,3,DE932,DE,Cuxhaven,DE932,32,40,739436,73943600.000000000000000,26,25,908926,90892600.000000000000000,20,353,333,69.177649225569525,29.669482670638761,62877364.000000000000000,312,61,289,64
26,3,DE80J,DE,Mecklenburgische Seenplatte,DE80J,33,41,786897,78689700.000000000000000,27,26,900911,90091100.000000000000000,20,321,301,69.411753214246474,34.248912032425224,62533812.000000000000000,296,58,287,62
27,3,DE933,DE,Harburg,DE933,37,45,662241,66224100.000000000000000,28,27,759565,75956500.000000000000000,20,317,297,69.982771718022818,28.219267886324715,53156464.000000000000000,283,60,260,65
28,3,DE934,DE,Lüchow-Dannenberg,DE934,38,46,202702,20270200.000000000000000,29,28,230291,23029100.000000000000000,20,306,286,62.125189434237555,23.945532099630359,14306872.000000000000000,269,57,236,59
29,3,DE935,DE,"Lüneburg, Landkreis",DE935,39,47,497670,49767000.000000000000000,30,29,553344,55334400.000000000000000,20,298,278,64.260982318413141,28.477495662798955,35558429.000000000000000,270,55,280,59
30,3,DE936,DE,Osterholz,DE936,40,49,265241,26524100.000000000000000,31,30,307203,30720300.000000000000000,20,293,273,68.608464110051003,26.604104998811778,21076726.000000000000000,240,65,228,65
31,3,DE937,DE,Rotenburg (Wümme),DE937,41,50,534889,53488900.000000000000000,32,31,605182,60518200.000000000000000,20,315,295,70.974536585688270,29.985931610419541,42952512.000000000000000,286,61,272,66
32,3,DE938,DE,Heidekreis,DE938,42,51,595428,59542800.000000000000000,33,32,682005,68200500.000000000000000,20,308,288,68.429247586161395,28.834965484461183,46669089.000000000000000,285,60,276,64
33,3,DE939,DE,Stade,DE939,43,52,545318,54531800.000000000000000,34,33,598976,59897600.000000000000000,20,313,293,76.424033684154296,33.125550378287286,45776162.000000000000000,292,61,312,70
34,3,DE93A,DE,Uelzen,DE93A,44,53,356588,35658800.000000000000000,35,34,406346,40634600.000000000000000,20,324,304,66.313835991987119,27.151307238193358,26946362.000000000000000,297,57,305,62
35,3,DE93B,DE,Verden,DE93B,45,54,306089,30608900.000000000000000,36,35,328452,32845200.000000000000000,20,356,336,73.023799520173426,29.515710104263839,23984813.000000000000000,320,61,299,67
36,3,DE941,DE,"Delmenhorst, Kreisfreie Stadt",DE941,46,55,158340,15834000.000000000000000,37,36,170866,17086600.000000000000000,20,305,285,86.775578523521361,29.493739879617909,14826996.000000000000000,264,76,248,82
37,3,DE942,DE,"Emden, Kreisfreie Stadt",DE942,47,56,147640,14764000.000000000000000,38,37,152455,15245500.000000000000000,20,328,308,93.977586828900328,46.095236915003831,14327353.000000000000000,306,71,293,83
38,3,DE943,DE,"Oldenburg (Oldenburg), Kreisfreie Stadt",DE943,48,57,382217,38221700.000000000000000,39,38,425127,42512700.000000000000000,20,321,301,96.878215215688485,35.576136803888524,41185545.000000000000000,301,80,304,90
39,3,DE80K,DE,Landkreis Rostock,DE80K,49,58,590811,59081100.000000000000000,40,39,668033,66803300.000000000000000,20,356,336,67.453000076343528,29.458485532996097,45060830.000000000000000,288,57,257,62
40,3,DE944,DE,"Osnabrück, Kreisfreie Stadt",DE944,50,59,291400,29140000.000000000000000,41,40,306071,30607100.000000000000000,20,351,331,107.231782821632890,42.194213968984741,32820539.000000000000000,325,88,301,100
41,3,DE945,DE,"Wilhelmshaven, Kreisfreie Stadt",DE945,51,60,189361,18936100.000000000000000,42,41,217564,21756400.000000000000000,20,377,357,92.953972164512507,43.909152932653434,20223438.000000000000000,340,102,313,83
42,3,DE946,DE,Ammerland,DE946,52,61,456098,45609800.000000000000000,43,42,520528,52052800.000000000000000,20,312,292,71.897988196600380,29.858171400625945,37424916.000000000000000,279,63,274,68
43,3,DE947,DE,Aurich,DE947,54,63,604331,60433100.000000000000000,44,43,724827,72482700.000000000000000,20,301,281,79.142275329147509,30.601265751108500,57364458.000000000000000,276,74,280,75
44,3,DE948,DE,Cloppenburg,DE948,55,64,621921,62192100.000000000000000,45,44,695761,69576100.000000000000000,20,334,314,81.247375176245868,31.267847142160257,56528755.000000000000000,301,76,286,78
45,3,DE949,DE,Emsland,DE949,56,65,1406233,140623300.000000000000000,46,45,1608249,160824900.000000000000000,20,365,345,85.336832169645376,33.400213105391067,137242875.000000000000000,335,78,333,82
46,3,DE94A,DE,Friesland (DE),DE94A,63,73,343784,34378400.000000000000000,47,46,401536,40153600.000000000000000,20,291,271,73.634877072043352,28.762023710587293,29567054.000000000000000,265,65,269,69
47,3,DE94B,DE,Grafschaft Bentheim,DE94B,64,74,507127,50712700.000000000000000,48,47,571334,57133400.000000000000000,20,309,289,83.889694994521591,32.191682193511454,47929035.000000000000000,274,76,277,80
48,3,DE94C,DE,Leer,DE94C,65,75,518977,51897700.000000000000000,49,48,604057,60405700.000000000000000,20,295,275,78.154852936063975,29.730249202506485,47209986.000000000000000,262,71,260,74
49,3,DE94D,DE,"Oldenburg, Landkreis",DE94D,66,76,422037,42203700.000000000000000,50,49,499931,49993100.000000000000000,20,270,250,75.078242797506050,29.048567778317089,37533941.000000000000000,247,65,255,71
50,3,DE406,DE,Dahme-Spreewald,DE406,68,78,512016,51201600.000000000000000,51,50,530123,53012300.000000000000000,20,289,269,68.585449037298886,31.298884143064193,36358724.000000000000000,265,57,283,62
51,3,DE407,DE,Elbe-Elster,DE407,69,79,503368,50336800.000000000000000,52,51,519763,51976300.000000000000000,20,335,315,65.400103508714551,26.014152965373743,33992554.000000000000000,293,61,268,62
52,3,DE911,DE,"Braunschweig, Kreisfreie Stadt",DE911,81,119,420736,42073600.000000000000000,53,52,432907,43290700.000000000000000,20,341,321,92.721713901600111,43.110475250097359,40139879.000000000000000,315,68,314,81
53,3,DE913,DE,"Wolfsburg, Kreisfreie Stadt",DE913,89,158,280974,28097400.000000000000000,54,53,290374,29037400.000000000000000,20,343,323,87.158712556909364,47.382956106349688,25308624.000000000000000,319,61,328,72
54,3,DE912,DE,"Salzgitter, Kreisfreie Stadt",DE912,90,161,282241,28224100.000000000000000,55,54,294094,29409400.000000000000000,20,357,337,91.704366631077136,45.863378903868771,26969704.000000000000000,331,72,322,80
55,3,DE246,DE,"Bayreuth, Landkreis",DE246,91,170,328966,32896600.000000000000000,56,55,353917,35391700.000000000000000,20,265,245,72.564937541853027,27.073658910738327,25681965.000000000000000,235,70,230,70
56,3,DE247,DE,"Coburg, Landkreis",DE247,92,171,292359,29235900.000000000000000,57,56,327534,32753400.000000000000000,20,289,269,84.488724834673647,31.203650850927907,27672930.000000000000000,262,81,268,81
57,3,DE248,DE,Forchheim,DE248,93,172,370430,37043000.000000000000000,58,57,409671,40967100.000000000000000,20,282,262,81.499571607460624,29.433142743828196,33388011.000000000000000,250,80,245,79
58,3,DE265,DE,Bad Kissingen,DE265,94,173,330535,33053500.000000000000000,59,58,355576,35557600.000000000000000,20,304,284,83.499963439602226,30.712071707573230,29690583.000000000000000,270,80,264,81
59,3,DE266,DE,Rhön-Grabfeld,DE266,95,174,228090,22809000.000000000000000,60,59,243488,24348800.000000000000000,20,265,245,83.574241851754508,28.552276111163675,20349325.000000000000000,243,80,251,81
60,3,DE267,DE,Haßberge,DE267,96,175,286376,28637600.000000000000000,61,60,303631,30363100.000000000000000,20,298,278,83.366108862402058,29.808931670203751,25312535.000000000000000,274,80,271,81
61,3,DE111,DE,"Stuttgart, Stadtkreis",DE111,97,179,572868,57286800.000000000000000,62,61,588455,58845500.000000000000000,20,372,352,126.695465243731460,48.325899860304830,74554580.000000000000000,344,104,349,119
62,3,DE12C,DE,Freudenstadt,DE12C,98,182,264504,26450400.000000000000000,63,62,318383,31838300.000000000000000,20,326,306,82.478784985379249,31.511176263465277,26259843.000000000000000,262,75,247,79
63,3,DE131,DE,"Freiburg im Breisgau, Stadtkreis",DE131,99,183,272766,27276600.000000000000000,64,63,301691,30169100.000000000000000,20,334,314,110.812486948566570,42.700969846545632,33431130.000000000000000,308,97,301,106
64,3,DE132,DE,Breisgau-Hochschwarzwald,DE132,100,184,590398,59039800.000000000000000,65,64,658051,65805100.000000000000000,20,279,259,81.489536525284521,30.238321932370265,53624271.000000000000000,250,78,254,79
65,3,DE147,DE,Bodenseekreis,DE147,101,185,478743,47874300.000000000000000,66,65,525318,52531800.000000000000000,20,310,290,80.424063138898731,31.215273832403813,42248208.000000000000000,274,71,281,75
66,3,DE148,DE,Ravensburg,DE148,102,186,766516,76651600.000000000000000,67,66,879850,87985000.000000000000000,20,308,288,73.450840484173440,29.306122528292697,64625722.000000000000000,280,67,290,70
67,3,DE149,DE,Sigmaringen,DE149,103,187,438597,43859700.000000000000000,68,67,486671,48667100.000000000000000,20,296,276,74.212235781462226,27.524501505429921,36116943.000000000000000,260,69,262,71
68,3,DE211,DE,"Ingolstadt, Kreisfreie Stadt",DE211,104,188,253672,25367200.000000000000000,69,68,261775,26177500.000000000000000,20,313,293,97.787768121478365,39.764708990682266,25598393.000000000000000,283,81,276,90
69,3,DE21K,DE,"Rosenheim, Landkreis",DE21K,105,192,662229,66222900.000000000000000,70,69,776482,77648200.000000000000000,20,334,314,71.452946752146218,29.524419521968778,55481927.000000000000000,291,63,270,68
70,3,DE21L,DE,Starnberg,DE21L,106,193,307144,30714400.000000000000000,71,70,345839,34583900.000000000000000,20,283,263,85.344084964390944,31.936224023336898,29515313.000000000000000,261,77,260,82
71,3,DE21M,DE,Traunstein,DE21M,107,194,539240,53924000.000000000000000,72,71,649848,64984800.000000000000000,20,325,305,77.116508783592465,33.714133659738181,50114009.000000000000000,268,67,261,72
72,3,DE235,DE,Cham,DE235,108,195,543229,54322900.000000000000000,73,72,626353,62635300.000000000000000,20,277,257,68.850986584242435,25.383999519630255,43125022.000000000000000,250,66,249,67
73,3,DE236,DE,Neumarkt i. d. OPf.,DE236,109,196,551592,55159200.000000000000000,74,73,593449,59344900.000000000000000,20,282,262,73.530906615395764,27.074088206704079,43636843.000000000000000,250,74,250,72
74,3,DE237,DE,Neustadt a. d. Waldnaab,DE237,110,197,357387,35738700.000000000000000,75,74,375428,37542800.000000000000000,20,286,266,67.885626538244352,27.525160967512111,25486165.000000000000000,265,61,267,65
75,3,DE249,DE,"Hof, Landkreis",DE249,111,201,255762,25576200.000000000000000,76,75,283173,28317300.000000000000000,20,271,251,75.635004043464590,29.605293804325687,21417791.000000000000000,240,68,238,72
76,3,DE24A,DE,Kronach,DE24A,112,202,249110,24911000.000000000000000,77,76,285132,28513200.000000000000000,20,281,261,84.840866686306697,32.153361276057190,24190846.000000000000000,259,78,266,81
77,3,DE24B,DE,Kulmbach,DE24B,113,203,220792,22079200.000000000000000,78,77,236210,23621000.000000000000000,20,334,314,85.218369247703322,34.473091848896139,20129431.000000000000000,309,77,292,80
78,3,DE24C,DE,Lichtenfels,DE24C,114,204,220717,22071700.000000000000000,79,78,242367,24236700.000000000000000,20,321,301,89.008895600473664,32.998733040341705,21572819.000000000000000,295,84,286,85
79,3,DE25C,DE,Weißenburg-Gunzenhausen,DE25C,115,205,387454,38745400.000000000000000,80,79,442705,44270500.000000000000000,20,288,268,74.926382128053675,26.791414041100388,33170284.000000000000000,255,77,243,74
80,3,DE261,DE,"Aschaffenburg, Kreisfreie Stadt",DE261,116,206,142072,14207200.000000000000000,81,80,149479,14947900.000000000000000,20,307,287,108.425504585928460,42.093582433325516,16207336.000000000000000,285,97,287,103
81,3,DE262,DE,"Schweinfurt, Kreisfreie Stadt",DE262,117,207,99338,9933800.000000000000000,82,81,102576,10257600.000000000000000,20,343,323,110.711686944314470,46.475204575786492,11356362.000000000000000,314,86,316,104
82,3,DE263,DE,"Würzburg, Kreisfreie Stadt",DE263,118,208,207557,20755700.000000000000000,83,82,213305,21330500.000000000000000,20,351,331,113.717034293617120,46.524360590356849,24256412.000000000000000,320,92,298,106
83,3,DE264,DE,"Aschaffenburg, Landkreis",DE264,119,209,477676,47767600.000000000000000,84,83,521818,52181800.000000000000000,20,317,297,88.736963845632005,30.507877395290624,46304545.000000000000000,285,88,297,87
84,3,DE212,DE,"München, Kreisfreie Stadt",DE212,120,210,1316059,131605900.000000000000000,85,84,1364995,136499500.000000000000000,20,388,368,123.747693581295170,50.208472264065108,168914983.000000000000000,357,99,353,112
85,3,DE213,DE,"Rosenheim, Kreisfreie Stadt",DE213,121,211,95489,9548900.000000000000000,86,85,100404,10040400.000000000000000,20,284,264,96.993018206445953,38.584177024298342,9738487.000000000000000,256,73,260,89
86,3,DE133,DE,Emmendingen,DE133,122,214,375687,37568700.000000000000000,87,86,417254,41725400.000000000000000,20,278,258,84.309566834589958,30.096114408617346,35178504.000000000000000,252,81,253,81
87,3,DE134,DE,Ortenaukreis,DE134,123,215,1131849,113184900.000000000000000,88,87,1249968,124996800.000000000000000,20,351,331,84.102305819028970,33.563087243226938,105125191.000000000000000,318,76,310,79
88,3,DE135,DE,Rottweil,DE135,124,216,356393,35639300.000000000000000,89,88,428285,42828500.000000000000000,20,340,320,80.098182285160576,31.942261053694033,34304850.000000000000000,298,72,267,76
89,3,DE136,DE,Schwarzwald-Baar-Kreis,DE136,125,217,430359,43035900.000000000000000,90,89,497161,49716100.000000000000000,20,309,289,82.329239421434906,33.281987117583036,40930887.000000000000000,274,73,258,77
90,3,DE214,DE,Altötting,DE214,126,218,389150,38915000.000000000000000,91,90,430133,43013300.000000000000000,20,343,323,82.789221008385780,39.349518243980455,35610376.000000000000000,304,70,313,75
91,3,DE215,DE,Berchtesgadener Land,DE215,127,219,322647,32264700.000000000000000,92,91,437290,43729000.000000000000000,20,331,311,85.326131400214962,37.850780410231188,37312264.000000000000000,284,102,279,80
92,3,DE216,DE,Bad Tölz-Wolfratshausen,DE216,128,220,320093,32009300.000000000000000,93,92,402073,40207300.000000000000000,20,273,253,73.335891741051995,30.263907243260896,29486382.000000000000000,237,66,245,70
93,3,DE217,DE,Dachau,DE217,129,221,359851,35985100.000000000000000,94,93,397410,39741000.000000000000000,20,313,293,83.196854633753560,31.415536031557732,33063262.000000000000000,265,80,247,81
94,3,DE21N,DE,Weilheim-Schongau,DE21N,130,226,381117,38111700.000000000000000,95,94,456452,45645200.000000000000000,20,285,265,81.858300544197419,31.995222923373284,37364385.000000000000000,265,77,278,79
95,3,DE221,DE,"Landshut, Kreisfreie Stadt",DE221,131,227,133855,13385500.000000000000000,96,95,142912,14291200.000000000000000,20,334,314,99.030585255261983,41.814906174875404,14152659.000000000000000,305,81,290,90
96,3,DE222,DE,"Passau, Kreisfreie Stadt",DE222,132,228,114953,11495300.000000000000000,97,96,124182,12418200.000000000000000,20,278,258,92.601488138377547,39.330271733578975,11499438.000000000000000,255,72,268,83
97,3,DE223,DE,"Straubing, Kreisfreie Stadt",DE223,133,229,111688,11168800.000000000000000,98,97,115627,11562700.000000000000000,20,287,267,84.371971944269077,31.620040150108533,9755678.000000000000000,257,68,254,78
98,3,DE224,DE,Deggendorf,DE224,134,230,412171,41217100.000000000000000,99,98,447198,44719800.000000000000000,20,349,329,78.805866752534669,32.110240505343455,35241826.000000000000000,314,72,301,74
99,3,DE225,DE,Freyung-Grafenau,DE225,135,231,241284,24128400.000000000000000,100,99,279338,27933800.000000000000000,20,290,270,66.850679105599667,24.323097380148653,18673935.000000000000000,224,66,209,66
100,3,DE238,DE,"Regensburg, Landkreis",DE238,136,232,563411,56341100.000000000000000,101,100,604291,60429100.000000000000000,20,301,281,72.661154973348928,23.722760777664448,43908482.000000000000000,271,73,280,71
101,3,DE239,DE,Schwandorf,DE239,137,233,588615,58861500.000000000000000,102,101,625436,62543600.000000000000000,20,299,279,68.214755786363426,26.062032669133817,42663964.000000000000000,275,67,281,66
102,3,DE268,DE,Kitzingen,DE268,138,234,282897,28289700.000000000000000,103,102,295989,29598900.000000000000000,20,298,278,85.283142278936040,31.094207716572303,25242872.000000000000000,254,79,249,82
103,3,DE24D,DE,Wunsiedel i. Fichtelgebirge,DE24D,139,238,150174,15017400.000000000000000,104,103,159175,15917500.000000000000000,20,277,257,85.168518925710700,35.616156701377527,13556699.000000000000000,253,72,259,78
104,3,DE251,DE,"Ansbach, Kreisfreie Stadt",DE251,140,239,74679,7467900.000000000000000,105,104,77943,7794300.000000000000000,20,245,225,87.129979600477270,33.267146774214069,6791172.000000000000000,219,78,213,83
105,3,DE252,DE,"Erlangen, Kreisfreie Stadt",DE252,141,240,202234,20223400.000000000000000,106,105,209688,20968800.000000000000000,20,318,298,96.986007782991877,40.494397694540893,20336802.000000000000000,296,85,307,90
106,3,DE253,DE,"Fürth, Kreisfreie Stadt",DE253,142,241,203731,20373100.000000000000000,107,106,213264,21326400.000000000000000,20,326,306,100.253713706954760,43.396516272949462,21380508.000000000000000,286,85,285,91
107,3,DE254,DE,"Nürnberg, Kreisfreie Stadt",DE254,143,242,741837,74183700.000000000000000,108,107,769484,76948400.000000000000000,20,377,357,115.572882607045760,49.788939728782758,88931484.000000000000000,351,85,336,107
108,3,DE255,DE,"Schwabach, Kreisfreie Stadt",DE255,144,243,96799,9679900.000000000000000,109,108,106352,10635200.000000000000000,20,289,269,86.673358281931698,31.456717339174080,9217885.000000000000000,247,77,232,83
109,3,DE137,DE,Tuttlingen,DE137,145,244,348894,34889400.000000000000000,110,109,401550,40155000.000000000000000,20,293,273,87.512098119785833,33.100030818153392,35140483.000000000000000,263,80,262,83
110,3,DE269,DE,Miltenberg,DE269,146,245,377466,37746600.000000000000000,111,110,421340,42134000.000000000000000,20,306,286,82.794797550671660,31.163704990723236,34884760.000000000000000,275,77,276,79
111,3,DE26A,DE,Main-Spessart,DE26A,147,246,380381,38038100.000000000000000,112,111,415269,41526900.000000000000000,20,342,322,81.886165353060306,31.044092773984652,34004786.000000000000000,318,79,287,80
112,3,DE218,DE,Ebersberg,DE218,148,247,294495,29449500.000000000000000,113,112,322997,32299700.000000000000000,20,302,282,81.313033867187627,30.415534148902935,26263866.000000000000000,258,78,248,79
113,3,DE138,DE,Konstanz,DE138,149,250,582790,58279000.000000000000000,114,113,655400,65540000.000000000000000,20,345,325,85.602769301190108,36.176406444494845,56104055.000000000000000,303,73,305,80
114,3,DE139,DE,Lörrach,DE139,150,251,459074,45907400.000000000000000,115,114,506001,50600100.000000000000000,20,303,283,79.923262997503954,31.072629564372367,40441251.000000000000000,278,72,285,76
115,3,DE226,DE,Kelheim,DE226,151,252,451111,45111100.000000000000000,116,115,485545,48554500.000000000000000,20,290,270,70.076569627943854,27.448519263577648,34025328.000000000000000,253,67,264,67
116,3,DE219,DE,Eichstätt,DE219,152,253,458714,45871400.000000000000000,117,116,505265,50526500.000000000000000,20,314,294,76.994373249680862,28.653167258612154,38902562.000000000000000,290,72,267,74
117,3,DE21A,DE,Erding,DE21A,153,254,384156,38415600.000000000000000,118,117,430866,43086600.000000000000000,20,298,278,78.299666253545183,30.997994532508180,33736664.000000000000000,258,77,245,75
118,3,DE21B,DE,Freising,DE21B,154,255,443909,44390900.000000000000000,119,118,494288,49428800.000000000000000,20,334,314,82.343566908361112,32.897341561634661,40701437.000000000000000,311,77,269,78
119,3,DE227,DE,"Landshut, Landkreis",DE227,155,261,571000,57100000.000000000000000,120,119,629185,62918500.000000000000000,20,343,323,71.521738439409717,26.895712264731387,45000405.000000000000000,311,67,316,69
120,3,DE228,DE,"Passau, Landkreis",DE228,156,262,697190,69719000.000000000000000,121,120,778268,77826800.000000000000000,20,319,299,71.106956729558462,26.027753548870788,55340269.000000000000000,291,67,251,69
121,3,DE256,DE,"Ansbach, Landkreis",DE256,157,270,476478,47647800.000000000000000,122,121,521247,52124700.000000000000000,20,259,239,73.965680378016557,26.676179834724635,38554389.000000000000000,236,73,252,72
122,3,DE257,DE,Erlangen-Höchstadt,DE257,158,271,434495,43449500.000000000000000,123,122,469675,46967500.000000000000000,20,308,288,76.133556182466606,27.628689577287243,35758028.000000000000000,276,73,264,74
123,3,DE258,DE,"Fürth, Landkreis",DE258,159,272,313558,31355800.000000000000000,124,123,343341,34334100.000000000000000,20,276,256,79.682781840793851,28.119627583447748,27358366.000000000000000,234,73,244,77
124,3,DE13A,DE,Waldshut,DE13A,160,278,451251,45125100.000000000000000,125,124,522568,52256800.000000000000000,20,354,334,74.500809464031477,28.750374707522152,38931739.000000000000000,294,67,270,71
125,3,DE141,DE,Reutlingen,DE141,161,279,627423,62742300.000000000000000,126,125,681220,68122000.000000000000000,20,339,319,87.586145444937031,33.858342508870308,59665434.000000000000000,289,79,294,84
126,3,DE142,DE,"Tübingen, Landkreis",DE142,162,280,422089,42208900.000000000000000,127,126,457660,45766000.000000000000000,20,307,287,89.955329283747758,33.699525947729356,41168956.000000000000000,279,79,292,85
127,3,DE143,DE,Zollernalbkreis,DE143,163,281,543796,54379600.000000000000000,128,127,621722,62172200.000000000000000,20,321,301,86.436014810478000,32.502002926140989,53739172.000000000000000,298,80,293,83
128,3,DE229,DE,Regen,DE229,164,287,270385,27038500.000000000000000,129,128,315374,31537400.000000000000000,20,281,261,72.923522547832093,28.312646219268000,22998183.000000000000000,247,70,245,70
129,3,DE22A,DE,Rottal-Inn,DE22A,165,288,519791,51979100.000000000000000,130,129,598902,59890200.000000000000000,20,280,260,70.489834730890863,26.399318431252869,42216503.000000000000000,249,66,248,68
130,3,DE22B,DE,Straubing-Bogen,DE22B,166,289,382754,38275400.000000000000000,131,130,421253,42125300.000000000000000,20,259,239,70.160518738145484,22.693221981129163,29555329.000000000000000,234,70,225,69
131,3,DE259,DE,Nürnberger Land,DE259,167,293,471442,47144200.000000000000000,132,131,506636,50663600.000000000000000,20,316,296,80.722455569679212,30.284383844318935,40896902.000000000000000,271,73,259,77
132,3,DE25A,DE,Neustadt a. d. Aisch-Bad Windsheim,DE25A,168,294,285866,28586600.000000000000000,133,132,307416,30741600.000000000000000,20,303,283,81.984005386837381,29.784185499891944,25203195.000000000000000,267,79,271,80
133,3,DE25B,DE,Roth,DE25B,169,295,466265,46626500.000000000000000,134,133,513437,51343700.000000000000000,20,288,268,75.258534153167773,25.966441343553949,38640516.000000000000000,261,74,230,74
134,3,DE144,DE,"Ulm, Stadtkreis",DE144,170,296,205016,20501600.000000000000000,135,134,216723,21672300.000000000000000,20,357,337,102.885032968351310,43.949235102897482,22297553.000000000000000,309,81,291,93
135,3,DE145,DE,Alb-Donau-Kreis,DE145,171,304,554055,55405500.000000000000000,136,135,600718,60071800.000000000000000,20,334,314,78.006064409589854,31.007986480244217,46859647.000000000000000,292,70,295,74
136,3,DE146,DE,Biberach,DE146,172,305,666329,66632900.000000000000000,137,136,720922,72092200.000000000000000,20,340,320,73.728447737758032,27.854604704004217,53152460.000000000000000,288,70,279,70
137,3,DE128,DE,Rhein-Neckar-Kreis,DE128,173,309,994202,99420200.000000000000000,138,137,1063340,106334000.000000000000000,20,318,298,90.183473771324316,32.299996965932827,95895695.000000000000000,289,84,296,87
138,3,DE129,DE,"Pforzheim, Stadtkreis",DE129,174,310,168956,16895600.000000000000000,139,138,179590,17959000.000000000000000,20,317,297,106.448749930397010,44.734356824690508,19117131.000000000000000,294,82,308,97
139,3,DE12A,DE,Calw,DE12A,175,311,326328,32632800.000000000000000,140,139,377321,37732100.000000000000000,20,303,283,82.558018239112059,31.148780945263823,31150874.000000000000000,268,72,262,78
140,3,DE12B,DE,Enzkreis,DE12B,176,312,426494,42649400.000000000000000,141,140,461376,46137600.000000000000000,20,321,301,86.597239561659038,29.391221487302026,39953888.000000000000000,267,79,254,83
141,3,DE22C,DE,Dingolfing-Landau,DE22C,177,313,400147,40014700.000000000000000,142,141,437175,43717500.000000000000000,20,307,287,72.647095556699256,28.255089223364045,31759494.000000000000000,281,70,284,69
142,3,DE231,DE,"Amberg, Kreisfreie Stadt",DE231,178,314,106877,10687700.000000000000000,143,142,112092,11209200.000000000000000,20,291,271,85.779957534882058,34.907353337522380,9615247.000000000000000,260,72,253,78
143,3,DE232,DE,"Regensburg, Kreisfreie Stadt",DE232,179,315,244488,24448800.000000000000000,144,143,251561,25156100.000000000000000,20,326,306,100.737041910312020,42.063619292129026,25341511.000000000000000,289,81,288,92
144,3,DE233,DE,"Weiden i. d. Opf, Kreisfreie Stadt",DE233,180,316,107635,10763500.000000000000000,145,144,111963,11196300.000000000000000,20,265,245,83.299866920321890,34.397010742589835,9326503.000000000000000,242,69,234,77
145,3,DE234,DE,Amberg-Sulzbach,DE234,181,317,428490,42849000.000000000000000,146,145,466711,46671100.000000000000000,20,279,259,67.363057652380164,25.248796244841799,31439080.000000000000000,238,65,236,65
146,3,DE21G,DE,Mühldorf a. Inn,DE21G,182,321,349572,34957200.000000000000000,147,146,385428,38542800.000000000000000,20,276,256,74.795481905829362,30.530952568822219,28828273.000000000000000,240,67,251,70
147,3,DE21H,DE,"München, Landkreis",DE21H,183,322,690776,69077600.000000000000000,148,147,731830,73183000.000000000000000,20,348,328,93.149963789404637,37.891764164175385,68169938.000000000000000,318,83,323,88
148,3,DE21I,DE,Neuburg-Schrobenhausen,DE21I,184,323,318177,31817700.000000000000000,149,148,350008,35000800.000000000000000,20,273,253,83.223652030810726,30.478420705523000,29128944.000000000000000,251,79,255,81
149,3,DE21J,DE,Pfaffenhofen a. d. Ilm,DE21J,185,324,439948,43994800.000000000000000,150,149,482880,48288000.000000000000000,20,323,303,78.972583250497024,30.585270378788255,38134281.000000000000000,290,72,274,75
150,3,DE80O,DE,Ludwigslust-Parchim,DE80O,186,325,702670,70267000.000000000000000,151,150,775622,77562200.000000000000000,20,291,271,62.915466554584576,27.514715134918259,48798620.000000000000000,270,55,277,58
151,3,DE278,DE,Günzburg,DE278,187,326,391912,39191200.000000000000000,152,151,418780,41878000.000000000000000,20,321,301,81.781247910597443,30.630537584315203,34248351.000000000000000,293,74,308,78
152,3,DE80M,DE,Nordwestmecklenburg,DE80M,188,328,458503,45850300.000000000000000,153,152,538421,53842100.000000000000000,20,315,295,67.976442226436191,33.457728574686016,36599944.000000000000000,287,58,281,61
153,3,DEB12,DE,Ahrweiler,DEB12,189,329,357701,35770100.000000000000000,154,153,398469,39846900.000000000000000,20,324,304,81.658568169669408,32.948253615855414,32538408.000000000000000,274,74,262,77
154,3,DEC05,DE,Saarpfalz-Kreis,DEC05,190,330,421623,42162300.000000000000000,155,154,452287,45228700.000000000000000,20,372,352,91.044224132022364,33.703279591347396,41178119.000000000000000,339,79,325,85
155,3,DED52,DE,Leipzig,DED52,191,331,742199,74219900.000000000000000,156,155,800869,80086900.000000000000000,20,314,294,76.425082004672419,32.898880906245431,61206479.000000000000000,281,67,278,71
156,3,DED53,DE,Nordsachsen,DED53,192,332,669423,66942300.000000000000000,157,156,714086,71408600.000000000000000,20,299,279,72.750919357052226,32.581994603303876,51950413.000000000000000,277,63,286,67
157,3,DEE01,DE,"Dessau-Roßlau, Kreisfreie Stadt",DEE01,193,333,153189,15318900.000000000000000,158,157,157391,15739100.000000000000000,20,291,271,80.203175531002401,39.342797014992620,12623258.000000000000000,264,60,255,70
158,3,DE279,DE,Neu-Ulm,DE279,194,334,380739,38073900.000000000000000,159,158,405167,40516700.000000000000000,20,357,337,85.752104687696672,33.980255225401308,34743923.000000000000000,283,76,283,80
159,3,DE27A,DE,Lindau (Bodensee),DE27A,195,335,207278,20727800.000000000000000,160,159,258922,25892200.000000000000000,20,296,276,74.754524528622525,27.846952526623518,19355591.000000000000000,258,71,256,72
160,3,DE27B,DE,Ostallgäu,DE27B,196,336,432382,43238200.000000000000000,161,160,521051,52105100.000000000000000,20,322,302,74.628529644890804,28.731219366137928,38885270.000000000000000,284,72,265,72
161,3,DEC06,DE,St. Wendel,DEC06,197,338,313220,31322000.000000000000000,162,161,353451,35345100.000000000000000,20,326,306,81.723291205853144,28.478358833755699,28885179.000000000000000,296,80,255,79
162,3,DED21,DE,"Dresden, Kreisfreie Stadt",DED21,198,339,790412,79041200.000000000000000,163,162,842188,84218800.000000000000000,20,368,348,105.747569426303870,49.444840254909025,89059334.000000000000000,333,82,336,98
163,3,DED2C,DE,Bautzen,DED2C,199,340,842242,84224200.000000000000000,164,163,910333,91033300.000000000000000,20,353,333,77.685623832158129,33.950913521502208,70719787.000000000000000,314,63,309,71
164,3,DEA1A,DE,"Wuppertal, Kreisfreie Stadt",DEA1A,200,341,430468,43046800.000000000000000,165,164,462099,46209900.000000000000000,20,346,326,115.560267388589890,45.617766798974507,53400284.000000000000000,307,91,318,110
165,3,DEA38,DE,Warendorf,DEA38,201,342,787488,78748800.000000000000000,166,165,842806,84280600.000000000000000,20,337,317,86.117547810528166,32.657109533122622,72580386.000000000000000,312,77,296,82
166,3,DEA41,DE,"Bielefeld, Kreisfreie Stadt",DEA41,202,343,524055,52405500.000000000000000,167,166,569502,56950200.000000000000000,20,374,354,95.178571804840018,38.902628315101971,54204387.000000000000000,339,73,324,88
167,3,DEA42,DE,Gütersloh,DEA42,203,344,984663,98466300.000000000000000,168,167,1085693,108569300.000000000000000,20,311,291,83.148146851826439,32.865766535979944,90273361.000000000000000,292,72,298,78
168,3,DEA43,DE,Herford,DEA43,204,345,571828,57182800.000000000000000,169,168,639807,63980700.000000000000000,20,307,287,78.455720240635060,30.020368690268640,50196519.000000000000000,283,68,276,73
169,3,DEA44,DE,Höxter,DEA44,205,346,465354,46535400.000000000000000,170,169,524101,52410100.000000000000000,20,342,322,78.216179705820068,28.452675111775267,40993178.000000000000000,303,71,251,75
170,3,DEB38,DE,"Speyer, Kreisfreie Stadt",DEB38,206,347,95505,9550500.000000000000000,171,170,100777,10077700.000000000000000,20,277,257,98.743026682675605,38.571482112882123,9951026.000000000000000,254,82,268,94
171,3,DE40D,DE,Ostprignitz-Ruppin,DE40D,207,348,373505,37350500.000000000000000,172,171,419697,41969700.000000000000000,20,296,276,71.616313673912373,32.148659667240096,30057152.000000000000000,272,60,290,66
172,3,DE40E,DE,Potsdam-Mittelmark,DE40E,208,349,682417,68241700.000000000000000,173,172,718152,71815200.000000000000000,20,322,302,68.147365738729405,27.691881130047918,48940167.000000000000000,281,64,275,64
173,3,DEA1B,DE,Kleve,DEA1B,209,351,1014707,101470700.000000000000000,174,173,1090652,109065200.000000000000000,20,331,311,76.036648720215069,30.525882014288278,82929523.000000000000000,304,67,308,72
174,3,DEA1C,DE,Mettmann,DEA1C,210,352,787291,78729100.000000000000000,175,174,826893,82689300.000000000000000,20,331,311,97.262341076777773,35.782425883595721,80425549.000000000000000,288,81,300,92
175,3,DEA1D,DE,Rhein-Kreis Neuss,DEA1D,211,353,877174,87717400.000000000000000,176,175,938923,93892300.000000000000000,20,371,351,94.066667873723404,39.627448085555152,88321358.000000000000000,349,81,365,87
176,3,DEA1E,DE,Viersen,DEA1E,212,354,648275,64827500.000000000000000,177,176,686123,68612300.000000000000000,20,302,282,84.337063471126896,31.731278032833618,57865599.000000000000000,259,74,270,80
177,3,DEB39,DE,"Worms, Kreisfreie Stadt",DEB39,213,355,197157,19715700.000000000000000,178,177,224557,22455700.000000000000000,20,313,293,88.275970020974626,39.971040344683601,19822987.000000000000000,290,74,294,82
178,3,DEB3A,DE,"Zweibrücken, Kreisfreie Stadt",DEB3A,214,356,98497,9849700.000000000000000,179,178,104997,10499700.000000000000000,20,296,276,94.248788060611261,34.618679587101205,9895840.000000000000000,262,81,260,89
179,3,DEB3B,DE,Alzey-Worms,DEB3B,215,357,389634,38963400.000000000000000,180,179,447885,44788500.000000000000000,20,282,262,80.015394576732874,29.153891518999917,35837695.000000000000000,252,78,261,79
180,3,DEB3C,DE,Bad Dürkheim,DEB3C,216,358,337162,33716200.000000000000000,181,180,364424,36442400.000000000000000,20,331,311,84.135397229600684,29.776377676345373,30660958.000000000000000,308,79,292,82
181,3,DEB3D,DE,Donnersbergkreis,DEB3D,217,359,224158,22415800.000000000000000,182,181,244447,24444700.000000000000000,20,293,273,79.614771300118221,29.020273509141159,19461592.000000000000000,265,73,266,77
182,3,DEE02,DE,"Halle (Saale), Kreisfreie Stadt",DEE02,218,360,317871,31787100.000000000000000,183,182,332584,33258400.000000000000000,20,320,300,102.092430784403330,48.136536293003736,33954309.000000000000000,291,78,295,93
183,3,DE721,DE,"Gießen, Landkreis",DE721,219,361,622651,62265100.000000000000000,184,183,704681,70468100.000000000000000,20,336,316,88.455166238340468,35.960479145779829,62332675.000000000000000,309,76,309,82
184,3,DE722,DE,Lahn-Dill-Kreis,DE722,220,362,715684,71568400.000000000000000,185,184,815053,81505300.000000000000000,20,305,285,84.254971149115462,31.905220858331074,68672267.000000000000000,282,73,292,79
185,3,DE723,DE,Limburg-Weilburg,DE723,221,363,495990,49599000.000000000000000,186,185,545685,54568500.000000000000000,20,286,266,78.992988628970920,30.342294115009970,43105289.000000000000000,261,71,263,74
186,3,DE724,DE,Marburg-Biedenkopf,DE724,222,364,613473,61347300.000000000000000,187,186,699762,69976200.000000000000000,20,308,288,80.446055944735491,31.349341805643199,56293093.000000000000000,285,73,288,76
187,3,DEB13,DE,Altenkirchen (Westerwald),DEB13,223,366,372310,37231000.000000000000000,188,187,425152,42515200.000000000000000,20,280,260,83.876717032967036,32.708932450029025,35660354.000000000000000,250,70,261,77
188,3,DEB14,DE,Bad Kreuznach,DEB14,224,367,450034,45003400.000000000000000,189,188,500268,50026800.000000000000000,20,342,322,80.449507064213577,32.197167121332619,40246314.000000000000000,297,71,261,76
189,3,DEB15,DE,Birkenfeld,DEB15,225,368,282057,28205700.000000000000000,190,189,311703,31170300.000000000000000,20,301,281,83.351892667058067,33.202153257243410,25981035.000000000000000,269,70,254,78
190,3,DEE03,DE,"Magdeburg, Kreisfreie Stadt",DEE03,226,369,505923,50592300.000000000000000,191,190,557500,55750000.000000000000000,20,346,326,88.751101345291474,48.328560061532144,49478739.000000000000000,325,62,328,76
191,3,DEE04,DE,Altmarkkreis Salzwedel,DEE04,227,370,417099,41709900.000000000000000,192,191,457908,45790800.000000000000000,20,282,262,63.079526891864738,23.627305964525799,28884620.000000000000000,244,59,247,60
192,3,DEE05,DE,Anhalt-Bitterfeld,DEE05,228,371,487451,48745100.000000000000000,193,192,500092,50009200.000000000000000,20,351,331,73.806085680234830,32.702586133759397,36909833.000000000000000,315,60,300,67
193,3,DEA45,DE,Lippe,DEA45,229,372,823141,82314100.000000000000000,194,193,934934,93493400.000000000000000,20,346,326,79.316081135138944,31.476241953633636,74155301.000000000000000,310,68,282,74
194,3,DE916,DE,Goslar,DE916,230,373,342163,34216300.000000000000000,195,194,371464,37146400.000000000000000,20,316,296,86.603835095729337,33.146702030399851,32170207.000000000000000,282,76,267,81
195,3,DE917,DE,Helmstedt,DE917,231,374,269183,26918300.000000000000000,196,195,286698,28669800.000000000000000,20,362,342,70.248927442814391,28.355038160583209,20140227.000000000000000,329,59,295,66
196,3,DE918,DE,Northeim,DE918,232,375,389660,38966000.000000000000000,197,196,450098,45009800.000000000000000,20,291,271,85.610413732120563,31.161951824445808,38533076.000000000000000,264,80,274,83
197,3,DE91A,DE,Peine,DE91A,233,376,384601,38460100.000000000000000,198,197,408101,40810100.000000000000000,20,355,335,76.861313743411557,28.651272522389789,31367179.000000000000000,307,67,295,72
198,3,DE11A,DE,Schwäbisch Hall,DE11A,234,377,500943,50094300.000000000000000,199,198,537834,53783400.000000000000000,20,281,261,74.507686386505867,29.372648355911526,40072767.000000000000000,252,68,257,70
199,3,DE11B,DE,Main-Tauber-Kreis,DE11B,235,378,385065,38506500.000000000000000,200,199,413356,41335600.000000000000000,20,303,283,77.496078440859691,29.222425978938258,32033469.000000000000000,263,72,234,74
200,3,DE11C,DE,Heidenheim,DE11C,236,379,334015,33401500.000000000000000,201,200,366102,36610200.000000000000000,20,310,290,79.593662421947982,32.943387381145882,29139399.000000000000000,286,72,277,74
201,3,DEE09,DE,Harz,DEE09,237,380,670162,67016200.000000000000000,202,201,734659,73465900.000000000000000,20,344,324,80.817263519537633,34.190681443808508,59373130.000000000000000,299,70,292,76
202,3,DEE0A,DE,Mansfeld-Südharz,DEE0A,238,381,347453,34745300.000000000000000,203,202,374215,37421500.000000000000000,20,336,316,73.600387477786839,30.276939810797540,27542369.000000000000000,305,67,295,70
203,3,DEA1F,DE,Wesel,DEA1F,239,382,969609,96960900.000000000000000,204,203,1025236,102523600.000000000000000,20,380,360,89.160267489631650,34.515431681757740,91410316.000000000000000,346,79,357,85
204,3,DEA46,DE,Minden-Lübbecke,DEA46,240,383,607449,60744900.000000000000000,205,204,691910,69191000.000000000000000,20,355,335,82.257614429622350,32.379540576468912,56914866.000000000000000,325,72,328,76
205,3,DEA47,DE,Paderborn,DEA47,241,384,719708,71970800.000000000000000,206,205,776988,77698800.000000000000000,20,311,291,89.942481737169686,36.038813053942683,69884229.000000000000000,291,77,300,84
206,3,DEA51,DE,"Bochum, Kreisfreie Stadt",DEA51,242,385,277823,27782300.000000000000000,207,206,295057,29505700.000000000000000,20,310,290,99.666444110798935,37.683180838237917,29407282.000000000000000,276,89,290,95
207,3,DEA52,DE,"Dortmund, Kreisfreie Stadt",DEA52,243,386,736279,73627900.000000000000000,208,207,779132,77913200.000000000000000,20,342,322,103.122727599431160,40.172701535381286,80346217.000000000000000,316,89,314,98
208,3,DEA53,DE,"Hagen, Kreisfreie Stadt",DEA53,244,387,268230,26823000.000000000000000,209,208,280746,28074600.000000000000000,20,320,300,116.266311897587140,42.840518190208172,32641302.000000000000000,294,103,290,112
209,3,DEB3E,DE,Germersheim,DEB3E,245,388,355797,35579700.000000000000000,210,209,381914,38191400.000000000000000,20,318,298,84.542753080536457,31.442056833271963,32288061.000000000000000,296,76,301,81
210,3,DE27C,DE,Unterallgäu,DE27C,246,389,465210,46521000.000000000000000,211,210,521849,52184900.000000000000000,20,302,282,73.839250434512664,27.113660153670651,38532939.000000000000000,264,70,277,72
211,3,DE27D,DE,Donau-Ries,DE27D,247,390,422556,42255600.000000000000000,212,211,462201,46220100.000000000000000,20,295,275,77.090990716160292,27.091216311058233,35631533.000000000000000,259,77,264,76
212,3,DE27E,DE,Oberallgäu,DE27E,248,391,440608,44060800.000000000000000,213,212,569394,56939400.000000000000000,20,317,297,72.719254154416802,28.650529378473365,41405907.000000000000000,272,71,252,70
213,3,DE21D,DE,Garmisch-Partenkirchen,DE21D,249,392,212383,21238300.000000000000000,214,213,261537,26153700.000000000000000,20,319,299,90.009769172239487,34.715792172910568,23540885.000000000000000,282,102,268,87
214,3,DE21E,DE,Landsberg am Lech,DE21E,250,393,364558,36455800.000000000000000,215,214,415294,41529400.000000000000000,20,333,313,81.543470408915127,31.800557687795536,33864514.000000000000000,283,77,261,79
215,3,DE21F,DE,Miesbach,DE21F,251,394,254044,25404400.000000000000000,216,215,329729,32972900.000000000000000,20,284,264,69.214051539294388,28.044870159754193,22821880.000000000000000,245,63,235,66
216,3,DE23A,DE,Tirschenreuth,DE23A,252,395,242133,24213300.000000000000000,217,216,255774,25577400.000000000000000,20,258,238,74.839213524439543,27.424644893976442,19141925.000000000000000,227,71,223,72
217,3,DE241,DE,"Bamberg, Kreisfreie Stadt",DE241,253,396,163962,16396200.000000000000000,218,217,171816,17181600.000000000000000,20,338,318,110.556438282814170,47.458865420050252,18995365.000000000000000,312,86,299,104
218,3,DEA22,DE,"Bonn, Kreisfreie Stadt",DEA22,254,397,433944,43394400.000000000000000,219,218,460290,46029000.000000000000000,20,363,343,110.432664189967200,41.500117343193175,50831051.000000000000000,333,89,329,104
219,3,DEA23,DE,"Köln, Kreisfreie Stadt",DEA23,255,398,1093193,109319300.000000000000000,220,219,1120292,112029200.000000000000000,20,355,335,120.041387423993030,47.431102908116323,134481406.000000000000000,335,96,346,113
220,3,DEA24,DE,"Leverkusen, Kreisfreie Stadt",DEA24,256,399,208509,20850900.000000000000000,221,220,216542,21654200.000000000000000,20,343,323,107.180025122147200,43.481294479219933,23208977.000000000000000,316,92,322,99
221,3,DEA26,DE,Düren,DEA26,257,400,700947,70094700.000000000000000,222,221,768845,76884500.000000000000000,20,325,305,83.655001983494728,33.592730155881952,64317730.000000000000000,296,72,292,78
222,3,DEA27,DE,Rhein-Erft-Kreis,DEA27,258,401,891319,89131900.000000000000000,223,222,932662,93266200.000000000000000,20,353,333,93.223770240451529,37.160337303925616,86946268.000000000000000,330,80,317,87
223,3,DEB3F,DE,"Kaiserslautern, Landkreis",DEB3F,259,402,351168,35116800.000000000000000,224,223,379458,37945800.000000000000000,20,290,270,81.215958024339983,29.096835380790537,30818045.000000000000000,265,77,263,78
224,3,DEB3G,DE,Kusel,DEB3G,260,403,220191,22019100.000000000000000,225,224,250283,25028300.000000000000000,20,284,264,79.464238482038326,27.041795092750295,19888548.000000000000000,244,75,226,78
225,3,DEE06,DE,Jerichower Land,DEE06,261,404,352436,35243600.000000000000000,226,225,373891,37389100.000000000000000,20,309,289,71.129473563150754,30.125914037222135,26594670.000000000000000,273,63,272,66
226,3,DE40F,DE,Prignitz,DE40F,262,405,343044,34304400.000000000000000,227,226,387442,38744200.000000000000000,20,313,293,67.513310379360007,29.283520072301705,26157492.000000000000000,288,60,252,63
227,3,DE40G,DE,Spree-Neiße,DE40G,263,406,522333,52233300.000000000000000,228,227,541246,54124600.000000000000000,20,300,280,64.043858060844798,30.150608223205101,34663482.000000000000000,271,55,288,58
228,3,DE725,DE,Vogelsbergkreis,DE725,264,407,367375,36737500.000000000000000,229,228,421688,42168800.000000000000000,20,257,237,77.944224165733914,26.430749564992361,32868144.000000000000000,237,73,249,77
229,3,DE113,DE,Esslingen,DE113,265,408,833189,83318900.000000000000000,230,229,875131,87513100.000000000000000,20,324,304,97.396010425867672,33.942027638874059,85234268.000000000000000,290,90,297,94
230,3,DE114,DE,Göppingen,DE114,266,409,523327,52332700.000000000000000,231,230,573168,57316800.000000000000000,20,353,333,89.021901083103032,31.931922984951719,51024505.000000000000000,313,81,260,86
231,3,DE115,DE,Ludwigsburg,DE115,267,410,796588,79658800.000000000000000,232,231,816753,81675300.000000000000000,20,353,333,94.000003673081096,33.283113605920391,76774785.000000000000000,320,84,296,89
232,3,DE116,DE,Rems-Murr-Kreis,DE116,268,411,764232,76423200.000000000000000,233,232,807876,80787600.000000000000000,20,315,295,92.480264297986324,32.021194106599090,74712586.000000000000000,283,84,286,89
233,3,DEB17,DE,Mayen-Koblenz,DEB17,269,412,594050,59405000.000000000000000,234,233,630189,63018900.000000000000000,20,330,310,83.776389305430598,33.813261130804975,52794959.000000000000000,304,71,314,78
234,3,DEB18,DE,Neuwied,DEB18,270,413,514261,51426100.000000000000000,235,234,564767,56476700.000000000000000,20,310,290,81.759851407748684,32.715663765980139,46175266.000000000000000,271,67,275,75
235,3,DEB1A,DE,Rhein-Lahn-Kreis,DEB1A,271,414,364480,36448000.000000000000000,236,235,413329,41332900.000000000000000,20,294,274,77.673502222200710,33.451824516450941,32104711.000000000000000,262,63,271,71
236,3,DEE07,DE,Börde,DEE07,272,415,684338,68433800.000000000000000,237,236,732496,73249600.000000000000000,20,319,299,68.989746019090887,29.172947266008887,50534713.000000000000000,287,59,291,65
237,3,DEE08,DE,Burgenlandkreis,DEE08,273,416,559571,55957100.000000000000000,238,237,623864,62386400.000000000000000,20,339,319,83.114983393816601,37.377550140936386,51852446.000000000000000,315,77,321,78
238,3,DEA54,DE,"Hamm, Kreisfreie Stadt",DEA54,274,417,335653,33565300.000000000000000,239,238,358656,35865600.000000000000000,20,390,370,106.351099660956460,41.991667012590881,38143460.000000000000000,354,91,348,100
239,3,DEA55,DE,"Herne, Kreisfreie Stadt",DEA55,275,418,131039,13103900.000000000000000,240,239,135094,13509400.000000000000000,20,344,324,103.615031015441100,39.141238694300391,13997769.000000000000000,313,95,308,99
240,3,DE731,DE,"Kassel, Kreisfreie Stadt",DE731,276,419,306486,30648600.000000000000000,241,240,318274,31827400.000000000000000,20,333,313,95.899501687225467,40.462304345172221,30522318.000000000000000,306,72,298,86
241,3,DE732,DE,Fulda,DE732,277,420,575211,57521100.000000000000000,242,241,632640,63264000.000000000000000,20,311,291,87.370858624178041,31.773277543059162,55274300.000000000000000,287,81,295,83
242,3,DE733,DE,Hersfeld-Rotenburg,DE733,278,421,281165,28116500.000000000000000,243,242,310838,31083800.000000000000000,20,326,306,85.563798505974177,30.815098853869845,26596480.000000000000000,295,76,282,82
243,3,DE91B,DE,Wolfenbüttel,DE91B,279,422,307489,30748900.000000000000000,244,243,330499,33049900.000000000000000,20,309,289,75.504736776813246,25.176422896319064,24954240.000000000000000,264,71,254,73
244,3,DE242,DE,"Bayreuth, Kreisfreie Stadt",DE242,280,423,152201,15220100.000000000000000,245,244,159749,15974900.000000000000000,20,314,294,92.310887705087353,38.204616036328140,14746572.000000000000000,282,74,279,86
245,3,DE243,DE,"Coburg, Kreisfreie Stadt",DE243,281,424,88302,8830200.000000000000000,246,245,96234,9623400.000000000000000,20,301,281,103.773915663902570,41.757691054157746,9986579.000000000000000,277,80,280,97
246,3,DE244,DE,"Hof, Kreisfreie Stadt",DE244,282,425,39027,3902700.000000000000000,247,246,40320,4032000.000000000000000,20,272,252,94.881746031746033,44.329981122446377,3825632.000000000000000,244,65,245,82
247,3,DE245,DE,"Bamberg, Landkreis",DE245,283,426,521036,52103600.000000000000000,248,247,562144,56214400.000000000000000,20,293,273,82.529230944384352,28.071028877312127,46393312.000000000000000,270,80,276,81
248,3,DED2D,DE,Görlitz,DED2D,284,427,833907,83390700.000000000000000,249,248,887447,88744700.000000000000000,20,326,306,69.747726906508220,33.633486106384161,61897411.000000000000000,307,58,321,63
249,3,DED2E,DE,Meißen,DED2E,285,428,747791,74779100.000000000000000,250,249,805792,80579200.000000000000000,20,321,301,77.393863428775660,34.792973203553736,62363356.000000000000000,298,67,298,71
250,3,DED2F,DE,Sächsische Schweiz-Osterzgebirge,DED2F,286,429,688332,68833200.000000000000000,251,250,789671,78967100.000000000000000,20,322,302,78.461145211106910,34.369218429195378,61958491.000000000000000,285,68,284,73
251,3,DEA56,DE,Ennepe-Ruhr-Kreis,DEA56,287,430,553889,55388900.000000000000000,252,251,596500,59650000.000000000000000,20,323,303,101.058246437552380,39.217697997044439,60281244.000000000000000,292,88,299,96
252,3,DEA57,DE,Hochsauerlandkreis,DEA57,288,431,798599,79859900.000000000000000,253,252,934527,93452700.000000000000000,20,354,334,90.280562252347977,36.515604381229167,84369623.000000000000000,308,76,328,84
253,3,DEA58,DE,Märkischer Kreis,DEA58,289,432,860956,86095600.000000000000000,254,253,917284,91728400.000000000000000,20,353,333,104.977026744170830,39.668508466720510,96293747.000000000000000,317,85,318,99
254,3,DE91C,DE,Göttingen,DE91C,290,433,743516,74351600.000000000000000,255,254,816905,81690500.000000000000000,20,333,313,91.266433673438158,33.416740721899387,74556006.000000000000000,305,80,298,86
255,3,DE922,DE,Diepholz,DE922,291,434,608121,60812100.000000000000000,256,255,694110,69411000.000000000000000,20,304,284,75.692855599256603,28.532323118205259,52539168.000000000000000,271,71,275,72
256,3,DE300,DE,Berlin,DE300,292,435,3143327,314332700.000000000000000,257,256,3233072,323307200.000000000000000,20,384,364,122.007350903413230,59.866875493758187,394458550.000000000000000,362,74,369,109
257,3,DEA28,DE,Euskirchen,DEA28,293,437,602065,60206500.000000000000000,258,257,684019,68401900.000000000000000,20,305,285,79.937845293771076,31.004456768913091,54679005.000000000000000,280,73,270,76
258,3,DEA29,DE,Heinsberg,DEA29,294,438,686708,68670800.000000000000000,259,258,751879,75187900.000000000000000,20,298,278,78.370796364840615,28.791647083755098,58925356.000000000000000,271,70,266,75
259,3,DEA2A,DE,Oberbergischer Kreis,DEA2A,295,439,591757,59175700.000000000000000,260,259,649043,64904300.000000000000000,20,331,311,88.468213970414908,35.165703369004632,57419675.000000000000000,308,73,284,82
260,3,DEA2B,DE,Rheinisch-Bergischer Kreis,DEA2B,296,440,513839,51383900.000000000000000,261,260,557022,55702200.000000000000000,20,344,324,90.746810718427639,33.867537562027053,50547970.000000000000000,311,78,319,85
261,3,DEB3H,DE,Südliche Weinstraße,DEB3H,297,441,314252,31425200.000000000000000,262,261,343108,34310800.000000000000000,20,258,238,81.421406670785871,26.514081413537024,27936336.000000000000000,234,76,238,79
262,3,DEB3I,DE,Rhein-Pfalz-Kreis,DEB3I,298,442,334151,33415100.000000000000000,263,262,357574,35757400.000000000000000,20,297,277,81.653758382880184,26.938146127389857,29197261.000000000000000,260,81,240,81
263,3,DEB3J,DE,Mainz-Bingen,DEB3J,299,443,524947,52494700.000000000000000,264,263,592297,59229700.000000000000000,20,353,333,83.082338759102271,32.782357714564434,49209420.000000000000000,314,77,289,81
264,3,DE401,DE,"Brandenburg an der Havel, Kreisfreie Stadt",DE401,300,444,214343,21434300.000000000000000,265,264,223169,22316900.000000000000000,20,316,296,81.075117959931717,44.828809531611753,18093453.000000000000000,290,59,298,69
265,3,DE402,DE,"Cottbus, Kreisfreie Stadt",DE402,301,445,205392,20539200.000000000000000,266,265,214528,21452800.000000000000000,20,331,311,78.986840878579955,38.180514978530205,16944889.000000000000000,303,57,264,69
266,3,DE403,DE,"Frankfurt (Oder), Kreisfreie Stadt",DE403,302,446,147809,14780900.000000000000000,267,266,151816,15181600.000000000000000,20,308,288,78.457244295726412,42.152741336803139,11911065.000000000000000,286,59,275,68
267,3,DE404,DE,"Potsdam, Kreisfreie Stadt",DE404,303,447,206640,20664000.000000000000000,268,267,211753,21175300.000000000000000,20,360,340,104.273044537739720,46.734576858454787,22080130.000000000000000,330,67,299,95
268,3,DE405,DE,Barnim,DE405,304,448,544300,54430000.000000000000000,269,268,573284,57328400.000000000000000,20,311,291,70.619889967276251,30.958360920349840,40485253.000000000000000,285,61,265,64
269,3,DE117,DE,"Heilbronn, Stadtkreis",DE117,305,450,213740,21374000.000000000000000,270,269,220934,22093400.000000000000000,20,357,337,102.739944960938560,40.937971182972490,22698747.000000000000000,334,87,301,96
270,3,DE118,DE,"Heilbronn, Landkreis",DE118,306,451,827463,82746300.000000000000000,271,270,871864,87186400.000000000000000,20,300,280,84.105215951111646,30.679899528110266,73328310.000000000000000,275,74,291,79
271,3,DEB1B,DE,Westerwaldkreis,DEB1B,307,452,690270,69027000.000000000000000,272,271,751340,75134000.000000000000000,20,290,270,76.770943913541146,29.145932461064117,57681081.000000000000000,259,65,264,72
272,3,DEB1C,DE,Cochem-Zell,DEB1C,308,453,212626,21262600.000000000000000,273,272,232153,23215300.000000000000000,20,276,256,83.401308619746459,33.878297206383237,19361864.000000000000000,244,66,244,78
273,3,DEB1D,DE,Rhein-Hunsrück-Kreis,DEB1D,309,454,401242,40124200.000000000000000,274,273,442663,44266300.000000000000000,20,280,260,75.235682675082401,31.171542443230297,33304053.000000000000000,251,67,252,70
274,3,DEB21,DE,"Trier, Kreisfreie Stadt",DEB21,310,455,173030,17303000.000000000000000,275,274,181465,18146500.000000000000000,20,319,299,108.569718678533050,43.594882189176005,19701604.000000000000000,282,80,291,101
275,3,DE26B,DE,"Schweinfurt, Landkreis",DE26B,311,456,318199,31819900.000000000000000,276,275,335545,33554500.000000000000000,20,299,279,85.043481500245875,26.320513098737990,28535915.000000000000000,242,79,241,83
276,3,DE26C,DE,"Würzburg, Landkreis",DE26C,312,457,434393,43439300.000000000000000,277,276,454729,45472900.000000000000000,20,354,334,82.728710946519797,29.221772483378054,37619144.000000000000000,316,81,293,81
277,3,DE271,DE,"Augsburg, Kreisfreie Stadt",DE271,313,458,371654,37165400.000000000000000,278,277,386574,38657400.000000000000000,20,321,301,111.800434069544250,43.478077498870967,43219141.000000000000000,292,90,301,107
278,3,DE272,DE,"Kaufbeuren, Kreisfreie Stadt",DE272,314,459,81025,8102500.000000000000000,279,278,86662,8666200.000000000000000,20,313,293,95.664928111513703,37.847789231218989,8290514.000000000000000,254,88,244,91
279,3,DE273,DE,"Kempten (Allgäu), Kreisfreie Stadt",DE273,315,460,110430,11043000.000000000000000,280,279,123956,12395600.000000000000000,20,291,271,94.730614088870240,39.024942013349701,11742428.000000000000000,256,76,252,87
280,3,DE40H,DE,Teltow-Fläming,DE40H,316,461,568557,56855700.000000000000000,281,280,598267,59826700.000000000000000,20,290,270,71.895827448279775,31.353566293134897,43012901.000000000000000,268,62,276,66
281,3,DE40I,DE,Uckermark,DE40I,317,462,444684,44468400.000000000000000,282,281,488078,48807800.000000000000000,20,327,307,71.929412921705136,36.141513181790202,35107164.000000000000000,294,57,300,64
282,3,DE501,DE,"Bremen, Kreisfreie Stadt",DE501,318,463,871026,87102600.000000000000000,283,282,929278,92927800.000000000000000,20,382,362,109.916486777907150,47.217515798531629,102142973.000000000000000,357,86,351,102
283,3,DE502,DE,"Bremerhaven, Kreisfreie Stadt",DE502,319,464,240980,24098000.000000000000000,284,283,267891,26789100.000000000000000,20,328,308,94.296112971320426,43.219166700942871,25261080.000000000000000,306,69,309,84
284,3,DE11D,DE,Ostalbkreis,DE11D,320,465,745695,74569500.000000000000000,285,284,811615,81161500.000000000000000,20,319,299,82.613651793029945,31.480955397041267,67050479.000000000000000,288,75,271,78
285,3,DE121,DE,"Baden-Baden, Stadtkreis",DE121,321,466,104144,10414400.000000000000000,286,285,113375,11337500.000000000000000,20,313,293,106.144661521499440,40.004951667755542,12034151.000000000000000,267,91,266,101
286,3,DE122,DE,"Karlsruhe, Stadtkreis",DE122,322,467,400358,40035800.000000000000000,287,286,427400,42740000.000000000000000,20,368,348,115.662236780533460,49.167175224573988,49434040.000000000000000,331,96,336,107
287,3,DE123,DE,"Karlsruhe, Landkreis",DE123,323,468,976209,97620900.000000000000000,288,287,1046360,104636000.000000000000000,20,363,343,91.232284299858563,32.025644010870543,95461813.000000000000000,337,82,331,88
288,3,DED41,DE,"Chemnitz, Kreisfreie Stadt",DED41,324,469,408403,40840300.000000000000000,289,288,434053,43405300.000000000000000,20,339,319,102.043983108053620,48.096743630989963,44292497.000000000000000,316,67,322,92
289,3,DED42,DE,Erzgebirgskreis,DED42,325,470,793121,79312100.000000000000000,290,289,871491,87149100.000000000000000,20,302,282,83.075774735482071,34.207187903195958,72399790.000000000000000,273,69,299,77
290,3,DED43,DE,Mittelsachsen,DED43,326,471,896758,89675800.000000000000000,291,290,1018721,101872100.000000000000000,20,318,298,78.995548339535560,35.002900124533461,80474424.000000000000000,283,63,278,72
291,3,DE408,DE,Havelland,DE408,327,472,435627,43562700.000000000000000,292,291,459061,45906100.000000000000000,20,340,320,71.486381984093612,32.140470572460352,32816610.000000000000000,310,63,307,65
292,3,DE409,DE,Märkisch-Oderland,DE409,328,473,652464,65246400.000000000000000,293,292,694378,69437800.000000000000000,20,326,306,68.391986785295614,28.413861736734169,47489891.000000000000000,305,60,323,63
293,3,DE40A,DE,Oberhavel,DE40A,329,474,650555,65055500.000000000000000,294,293,696545,69654500.000000000000000,20,317,297,69.725195069952406,30.381036448324025,48566736.000000000000000,271,59,268,64
294,3,DE734,DE,"Kassel, Landkreis",DE734,330,475,679823,67982300.000000000000000,295,294,743611,74361100.000000000000000,20,296,276,78.161760651738604,28.091899315386026,58121945.000000000000000,275,72,274,75
295,3,DE735,DE,Schwalm-Eder-Kreis,DE735,331,476,547753,54775300.000000000000000,296,295,604397,60439700.000000000000000,20,325,305,77.274855765333058,26.479389356556489,46704691.000000000000000,293,71,297,75
296,3,DE736,DE,Waldeck-Frankenberg,DE736,332,477,532808,53280800.000000000000000,297,296,598744,59874400.000000000000000,20,305,285,75.731077054634369,27.682570054915860,45343528.000000000000000,271,70,259,72
297,3,DE112,DE,Böblingen,DE112,333,479,640136,64013600.000000000000000,298,297,670884,67088400.000000000000000,20,325,305,98.417575914763205,40.001333948968359,66026777.000000000000000,306,85,321,92
298,3,DEA2C,DE,Rhein-Sieg-Kreis,DEA2C,334,480,1275178,127517800.000000000000000,299,298,1382194,138219400.000000000000000,20,321,301,84.232117922664983,31.005687129836620,116425128.000000000000000,291,75,298,79
299,3,DEA2D,DE,Städteregion Aachen,DEA2D,335,481,931166,93116600.000000000000000,300,299,1035117,103511700.000000000000000,20,334,314,100.864326448121320,40.081023605497329,104406379.000000000000000,305,85,312,94
300,3,DEA31,DE,"Bottrop, Kreisfreie Stadt",DEA31,336,482,193592,19359200.000000000000000,301,300,201748,20174800.000000000000000,20,341,321,107.463613022186100,38.339649998869142,21680569.000000000000000,315,104,311,104
301,3,DEA32,DE,"Gelsenkirchen, Kreisfreie Stadt",DEA32,337,483,387925,38792500.000000000000000,302,301,404144,40414400.000000000000000,20,371,351,108.827907874421000,45.432812453623470,43982146.000000000000000,343,92,350,105
302,3,DEA33,DE,"Münster, Kreisfreie Stadt",DEA33,338,484,452654,45265400.000000000000000,303,302,473129,47312900.000000000000000,20,335,315,103.015883617364390,41.300454588531828,48739802.000000000000000,307,82,324,95
303,3,DE716,DE,Darmstadt-Dieburg,DE716,339,485,603700,60370000.000000000000000,304,303,649425,64942500.000000000000000,20,333,313,83.667116295184201,28.346334130937059,54335517.000000000000000,303,77,291,82
304,3,DE717,DE,Groß-Gerau,DE717,340,486,548654,54865400.000000000000000,305,304,585607,58560700.000000000000000,20,351,331,93.697973214117994,39.677843862213884,54870189.000000000000000,324,85,329,88
305,3,DE718,DE,Hochtaunuskreis,DE718,341,487,407449,40744900.000000000000000,306,305,462425,46242500.000000000000000,20,352,332,98.539250689300971,36.553003203673867,45567013.000000000000000,316,85,300,94
306,3,DE719,DE,Main-Kinzig-Kreis,DE719,342,488,854364,85436400.000000000000000,307,306,933783,93378300.000000000000000,20,364,344,93.110806257984990,33.969970033704655,86945288.000000000000000,342,84,340,89
307,3,DE274,DE,"Memmingen, Kreisfreie Stadt",DE274,343,489,96504,9650400.000000000000000,308,307,103035,10303500.000000000000000,20,317,297,92.442956276993257,35.661662817916771,9524860.000000000000000,258,73,245,86
308,3,DE119,DE,Hohenlohekreis,DE119,344,494,303489,30348900.000000000000000,309,308,323571,32357100.000000000000000,20,294,274,81.948660417651766,31.298500333046920,26516210.000000000000000,258,73,261,77
309,3,DEB22,DE,Bernkastel-Wittlich,DEB22,345,495,418569,41856900.000000000000000,310,309,458504,45850400.000000000000000,20,299,279,80.734693699509705,33.105465493905371,37017180.000000000000000,263,69,267,75
310,3,DEB23,DE,Eifelkreis Bitburg-Prüm,DEB23,346,496,456615,45661500.000000000000000,311,310,546133,54613300.000000000000000,20,303,283,75.990209344610193,29.880172440290988,41500761.000000000000000,272,72,276,73
311,3,DEB24,DE,Vulkaneifel,DEB24,347,497,260176,26017600.000000000000000,312,311,299899,29989900.000000000000000,20,295,275,80.113008046042168,29.839397133994115,24025811.000000000000000,259,75,258,77
312,3,DE80N,DE,Vorpommern-Greifswald,DE80N,348,498,711975,71197500.000000000000000,313,312,801906,80190600.000000000000000,20,337,317,70.044451594077117,34.247695419394688,56169066.000000000000000,296,56,294,62
313,3,DE275,DE,Aichach-Friedberg,DE275,349,499,414308,41430800.000000000000000,314,313,461767,46176700.000000000000000,20,271,251,82.887475718273507,29.979955248137379,38274701.000000000000000,247,78,249,81
314,3,DE124,DE,Rastatt,DE124,350,503,549486,54948600.000000000000000,315,314,586930,58693000.000000000000000,20,321,301,91.423595658766800,36.011973178781297,53659251.000000000000000,295,82,292,86
315,3,DE125,DE,"Heidelberg, Stadtkreis",DE125,351,504,175827,17582700.000000000000000,316,315,187404,18740400.000000000000000,20,363,343,109.448565665620790,43.571342971855536,20511099.000000000000000,290,92,293,105
316,3,DE126,DE,"Mannheim, Stadtkreis",DE126,352,505,468439,46843900.000000000000000,317,316,488158,48815800.000000000000000,20,368,348,114.317497613477600,52.248855140605691,55805001.000000000000000,347,90,356,107
317,3,DE127,DE,Neckar-Odenwald-Kreis,DE127,353,506,412814,41281400.000000000000000,318,317,444072,44407200.000000000000000,20,275,255,77.909960546938336,28.243871626195354,34597632.000000000000000,249,72,254,75
318,3,DE21C,DE,Fürstenfeldbruck,DE21C,354,507,406372,40637200.000000000000000,319,318,441894,44189400.000000000000000,20,321,301,92.893017329947909,33.071941233189754,41048867.000000000000000,286,89,287,91
319,3,DED44,DE,Vogtlandkreis,DED44,355,508,584813,58481300.000000000000000,320,319,650966,65096600.000000000000000,20,328,308,84.828685369128337,39.319314744201321,55220590.000000000000000,286,64,272,76
320,3,DED45,DE,Zwickau,DED45,356,509,798835,79883500.000000000000000,321,320,883142,88314200.000000000000000,20,331,311,88.360501482207837,37.670876011349833,78034870.000000000000000,276,72,281,81
321,3,DED51,DE,"Leipzig, Kreisfreie Stadt",DED51,357,510,714853,71485300.000000000000000,322,321,742948,74294800.000000000000000,20,379,359,109.222164942903130,54.965619457771588,81146389.000000000000000,340,67,333,97
322,3,DEA34,DE,Borken,DEA34,358,511,1088082,108808200.000000000000000,323,322,1183644,118364400.000000000000000,20,343,323,91.019522761911517,32.806610092907171,107734712.000000000000000,313,83,292,88
323,3,DE276,DE,"Augsburg, Landkreis",DE276,359,512,723801,72380100.000000000000000,324,323,790807,79080700.000000000000000,20,316,296,82.790311668966012,30.640314738358107,65471158.000000000000000,280,76,272,79
324,3,DE277,DE,Dillingen a.d. Donau,DE277,360,513,326337,32633700.000000000000000,325,324,350518,35051800.000000000000000,20,303,283,76.801003086860021,28.202965224707803,26920134.000000000000000,265,72,251,74
325,3,DE40B,DE,Oberspreewald-Lausitz,DE40B,361,514,427897,42789700.000000000000000,326,325,432457,43245700.000000000000000,20,292,272,71.481155351861574,34.352576161184366,30912526.000000000000000,268,59,283,65
326,3,DEB3K,DE,Südwestpfalz,DEB3K,362,516,310238,31023800.000000000000000,327,326,360298,36029800.000000000000000,20,274,254,78.703939516733371,27.100936429247344,28356872.000000000000000,236,75,240,76
327,3,DEC01,DE,Regionalverband Saarbrücken,DEC01,363,517,684612,68461200.000000000000000,328,327,733986,73398600.000000000000000,20,365,345,104.747282645718040,42.103577067224002,76883039.000000000000000,341,82,349,96
328,3,DEC02,DE,Merzig-Wadern,DEC02,364,518,344743,34474300.000000000000000,329,328,382965,38296500.000000000000000,20,334,314,79.723982609376833,29.348468240230119,30531495.000000000000000,266,74,262,76
329,3,DEC03,DE,Neunkirchen,DEC03,365,519,329089,32908900.000000000000000,330,329,360252,36025200.000000000000000,20,304,284,94.714669176021232,33.004018304289957,34121149.000000000000000,269,82,278,89
330,3,DEC04,DE,Saarlouis,DEC04,366,520,558359,55835900.000000000000000,331,330,593052,59305200.000000000000000,20,379,359,91.217759994064608,38.552667613201095,54096875.000000000000000,351,80,332,83
331,3,DEA35,DE,Coesfeld,DEA35,367,521,559242,55924200.000000000000000,332,331,596486,59648600.000000000000000,20,311,291,84.302188148590247,29.956265874945007,50285075.000000000000000,288,80,280,81
332,3,DEA36,DE,Recklinghausen,DEA36,368,522,990820,99082000.000000000000000,333,332,1033657,103365700.000000000000000,20,349,329,97.308395338105385,36.374472369759694,100583504.000000000000000,324,88,329,92
333,3,DEA37,DE,Steinfurt,DEA37,369,523,1165413,116541300.000000000000000,334,333,1269197,126919700.000000000000000,20,351,331,85.381104745756573,32.489755210072630,108365442.000000000000000,327,75,334,81
334,3,DE40C,DE,Oder-Spree,DE40C,370,524,595843,59584300.000000000000000,335,334,611251,61125100.000000000000000,20,358,338,70.598032559455930,33.555688875136958,43153118.000000000000000,315,58,302,64
335,3,DE71A,DE,Main-Taunus-Kreis,DE71A,371,525,374200,37420000.000000000000000,336,335,408049,40804900.000000000000000,20,369,349,105.834804153422750,38.657164000029617,43185786.000000000000000,345,99,354,101
336,3,DE71B,DE,Odenwaldkreis,DE71B,372,526,250548,25054800.000000000000000,337,336,295040,29504000.000000000000000,20,315,295,74.731585547722347,26.854576589597105,22048807.000000000000000,283,69,262,72
337,3,DE71C,DE,"Offenbach, Landkreis",DE71C,373,527,623526,62352600.000000000000000,338,337,677812,67781200.000000000000000,20,327,307,95.535225106666743,34.887458957155765,64754922.000000000000000,295,89,301,92
338,3,DE94H,DE,Wittmund,DE94H,374,529,193700,19370000.000000000000000,339,338,236496,23649600.000000000000000,20,260,240,72.592779581895684,27.705878868243346,17167902.000000000000000,223,66,231,70
339,3,DEA11,DE,"Düsseldorf, Kreisfreie Stadt",DEA11,375,530,676850,67685000.000000000000000,340,339,699984,69998400.000000000000000,20,364,344,124.086034823653110,52.308623446374291,86858239.000000000000000,344,99,358,117
340,3,DEA12,DE,"Duisburg, Kreisfreie Stadt",DEA12,376,531,705142,70514200.000000000000000,341,340,727480,72748000.000000000000000,20,378,358,121.539958486831250,48.351621444009936,88417889.000000000000000,354,107,362,116
341,3,DEA13,DE,"Essen, Kreisfreie Stadt",DEA13,377,532,729667,72966700.000000000000000,342,341,771686,77168600.000000000000000,20,360,340,113.034596973380360,42.314351438772967,87227216.000000000000000,339,97,340,109
342,3,DEA14,DE,"Krefeld, Kreisfreie Stadt",DEA14,378,533,395662,39566200.000000000000000,343,342,416260,41626000.000000000000000,20,350,330,105.984108489886130,44.118849727276590,44116945.000000000000000,330,79,331,97
343,3,DEA15,DE,"Mönchengladbach, Kreisfreie Stadt",DEA15,379,534,386947,38694700.000000000000000,344,343,409383,40938300.000000000000000,20,341,321,100.929010242242600,37.907243102456796,41318621.000000000000000,306,83,293,97
344,3,DEA16,DE,"Mülheim an der Ruhr, Kreisfreie Stadt",DEA16,380,535,222390,22239000.000000000000000,345,344,229732,22973200.000000000000000,20,351,331,109.785537060574920,39.232705722925992,25221251.000000000000000,304,93,294,104
345,3,DEA17,DE,"Oberhausen, Kreisfreie Stadt",DEA17,381,536,258570,25857000.000000000000000,346,345,267288,26728800.000000000000000,20,374,354,119.458486725928580,37.706254461894595,31929820.000000000000000,350,113,298,116
346,3,DEA18,DE,"Remscheid, Kreisfreie Stadt",DEA18,382,537,169866,16986600.000000000000000,347,346,178450,17845000.000000000000000,20,298,278,110.332675819557290,37.227561619999975,19688866.000000000000000,260,91,265,106
347,3,DEA19,DE,"Solingen, Kreisfreie Stadt",DEA19,383,538,217919,21791900.000000000000000,348,347,226160,22616000.000000000000000,20,293,273,104.188813229571990,33.084921663257383,23563342.000000000000000,267,96,269,100
348,3,DEB25,DE,Trier-Saarburg,DEB25,384,539,425966,42596600.000000000000000,349,348,472684,47268400.000000000000000,20,286,266,80.527240185832397,28.936118776202782,38063938.000000000000000,257,73,252,77
349,3,DEB31,DE,"Frankenthal (Pfalz), Kreisfreie Stadt",DEB31,385,540,96416,9641600.000000000000000,350,349,105102,10510200.000000000000000,20,301,281,93.625801602253048,39.770308265914892,9840259.000000000000000,275,78,280,86
350,3,DEB32,DE,"Kaiserslautern, Kreisfreie Stadt",DEB32,386,541,230555,23055500.000000000000000,351,350,246521,24652100.000000000000000,20,363,343,100.100640513384250,43.204912628928618,24676910.000000000000000,310,75,308,92
351,3,DEB33,DE,"Landau in der Pfalz, Kreisfreie Stadt",DEB33,387,542,94115,9411500.000000000000000,352,351,99460,9946000.000000000000000,20,267,247,88.511602654333402,34.421125651515283,8803364.000000000000000,239,78,228,82
352,3,DEB34,DE,"Ludwigshafen am Rhein, Kreisfreie Stadt",DEB34,388,543,254697,25469700.000000000000000,353,352,266244,26624400.000000000000000,20,353,333,121.651267258604890,55.305631092778924,32388920.000000000000000,327,102,335,111
353,3,DEB35,DE,"Mainz, Kreisfreie Stadt",DEB35,389,544,329492,32949200.000000000000000,354,353,368624,36862400.000000000000000,20,371,351,109.559510503928120,50.054008726047861,40386265.000000000000000,345,95,348,102
354,3,DEB36,DE,"Neustadt an der Weinstraße, Kreisfreie Stadt",DEB36,390,545,108502,10850200.000000000000000,355,354,113867,11386700.000000000000000,20,331,311,86.566924569892947,32.739848452412986,9857116.000000000000000,303,77,257,81
355,3,DEB37,DE,"Pirmasens, Kreisfreie Stadt",DEB37,391,546,93860,9386000.000000000000000,356,355,102859,10285900.000000000000000,20,331,311,98.527041872855079,40.576640048713941,10134393.000000000000000,300,80,276,89
356,3,DE71D,DE,Rheingau-Taunus-Kreis,DE71D,392,547,380947,38094700.000000000000000,357,356,422491,42249100.000000000000000,20,319,299,85.890826076768505,33.093107515874387,36288101.000000000000000,280,74,274,82
357,3,DE71E,DE,Wetteraukreis,DE71E,393,548,619853,61985300.000000000000000,358,357,682193,68219300.000000000000000,20,303,283,87.639585864997144,30.148735830508944,59787112.000000000000000,266,80,273,84
358,3,DE914,DE,Gifhorn,DE914,394,549,566591,56659100.000000000000000,359,358,609075,60907500.000000000000000,20,270,250,65.053408857694038,23.781056031332437,39622405.000000000000000,229,59,237,62
359,3,DEE0D,DE,Stendal,DEE0D,395,553,451753,45175300.000000000000000,360,359,496447,49644700.000000000000000,20,340,320,66.790303899509922,30.107964136291194,33157846.000000000000000,311,59,281,62
360,3,DEE0E,DE,Wittenberg,DEE0E,396,554,443504,44350400.000000000000000,361,360,460412,46041200.000000000000000,20,292,272,69.222861263390186,30.418361968611851,31871036.000000000000000,262,58,272,63
361,3,DEF01,DE,"Flensburg, Kreisfreie Stadt",DEF01,397,555,161258,16125800.000000000000000,362,361,173862,17386200.000000000000000,20,364,344,108.271939814335510,45.802870291621836,18824376.000000000000000,317,78,290,101
362,3,DEF02,DE,"Kiel, Kreisfreie Stadt",DEF02,398,556,336505,33650500.000000000000000,363,362,374409,37440900.000000000000000,20,352,332,106.547409383855620,46.546065314602863,39892309.000000000000000,324,102,323,97
363,3,DEF03,DE,"Lübeck, Kreisfreie Stadt",DEF03,399,557,416374,41637400.000000000000000,364,363,465578,46557800.000000000000000,20,331,311,91.121642345643480,41.552178045322066,42424232.000000000000000,289,67,300,83
364,3,DEG09,DE,Unstrut-Hainich-Kreis,DEG09,400,560,282587,28258700.000000000000000,365,364,296552,29655200.000000000000000,20,289,269,78.707565620869190,28.405121338229545,23340886.000000000000000,266,80,249,77
365,3,DEG0A,DE,Kyffhäuserkreis,DEG0A,401,561,247404,24740400.000000000000000,366,365,262007,26200700.000000000000000,20,265,245,76.833092245627029,27.460832014822362,20130808.000000000000000,240,71,242,75
366,3,DEG0B,DE,Schmalkalden-Meiningen,DEG0B,402,562,367019,36701900.000000000000000,367,366,409318,40931800.000000000000000,20,290,270,89.448064829790042,32.441698090827067,36612703.000000000000000,261,88,251,87
367,3,DEF04,DE,"Neumünster, Kreisfreie Stadt",DEF04,403,568,204544,20454400.000000000000000,368,367,231176,23117600.000000000000000,20,327,307,86.411997785237219,38.922428100322300,19976380.000000000000000,297,61,273,77
368,3,DEF05,DE,Dithmarschen,DEF05,404,572,554239,55423900.000000000000000,369,368,627219,62721900.000000000000000,20,302,282,72.719201746120575,31.273454430373967,45610865.000000000000000,281,63,288,67
369,3,DEF06,DE,Herzogtum Lauenburg,DEF06,405,573,487223,48722300.000000000000000,370,369,551486,55148600.000000000000000,20,335,315,70.308051337658611,28.373489061462440,38773906.000000000000000,310,61,282,65
370,3,DEG0C,DE,Gotha,DEG0C,406,574,335025,33502500.000000000000000,371,370,364551,36455100.000000000000000,20,322,302,90.358536939961766,35.318399576160736,32940295.000000000000000,283,89,283,88
371,3,DEG0D,DE,Sömmerda,DEG0D,407,582,225522,22552200.000000000000000,372,371,235772,23577200.000000000000000,20,282,262,76.331404916614360,28.940899640961597,17996808.000000000000000,241,75,246,74
372,3,DEG0E,DE,Hildburghausen,DEG0E,408,583,208485,20848500.000000000000000,373,372,236261,23626100.000000000000000,20,310,290,81.138821049601930,30.997383178974584,19169939.000000000000000,256,77,268,79
373,3,DEF07,DE,Nordfriesland,DEF07,409,597,569043,56904300.000000000000000,374,373,685189,68518900.000000000000000,20,303,283,68.175030539019161,29.266678144751520,46712781.000000000000000,270,57,268,63
374,3,DEG0F,DE,Ilm-Kreis,DEG0F,410,598,299798,29979800.000000000000000,375,374,338064,33806400.000000000000000,20,303,283,88.643786383643331,37.188421165673148,29967273.000000000000000,267,80,262,85
375,3,DEG0G,DE,Weimarer Land,DEG0G,411,606,293262,29326200.000000000000000,376,375,327254,32725400.000000000000000,20,310,290,80.695349789460181,33.023096155660610,26407876.000000000000000,270,75,258,78
376,3,DEG0H,DE,Sonneberg,DEG0H,412,607,179417,17941700.000000000000000,377,376,201702,20170200.000000000000000,20,320,300,88.241519667628481,37.684293084159819,17798491.000000000000000,280,76,275,83
377,3,DEF08,DE,Ostholstein,DEF08,413,608,623046,62304600.000000000000000,378,377,715384,71538400.000000000000000,20,331,311,74.128473658902067,30.028810132210360,53030324.000000000000000,291,64,276,69
378,3,DEF09,DE,Pinneberg,DEF09,414,613,510800,51080000.000000000000000,379,378,539313,53931300.000000000000000,20,340,320,80.552625284389578,33.097305647386960,43443078.000000000000000,294,63,290,73
379,3,DEF0A,DE,Plön,DEF0A,415,614,376157,37615700.000000000000000,380,379,443006,44300600.000000000000000,20,338,318,72.874886570385044,28.965798363746387,32284012.000000000000000,290,64,260,68
380,3,DEG0I,DE,Saalfeld-Rudolstadt,DEG0I,416,615,334632,33463200.000000000000000,381,380,380025,38002500.000000000000000,20,306,286,86.352103151108480,37.026723255880725,32815958.000000000000000,279,79,272,83
381,3,DEG0J,DE,Saale-Holzland-Kreis,DEG0J,417,622,312254,31225400.000000000000000,382,381,360041,36004100.000000000000000,20,312,292,77.599759471837928,33.183465272720390,27939095.000000000000000,253,72,235,74
382,3,DEG0K,DE,Saale-Orla-Kreis,DEG0K,418,623,329054,32905400.000000000000000,383,382,370335,37033500.000000000000000,20,322,302,80.092332617764995,35.165561093141569,29660994.000000000000000,292,64,262,75
383,3,DEE0B,DE,Saalekreis,DEE0B,419,635,664781,66478100.000000000000000,384,383,705114,70511400.000000000000000,20,338,318,83.168381283026577,38.246847601853098,58643190.000000000000000,312,75,310,76
384,3,DEE0C,DE,Salzlandkreis,DEE0C,420,638,640817,64081700.000000000000000,385,384,678178,67817800.000000000000000,20,328,308,78.296113999569428,34.944685359705652,53098702.000000000000000,298,63,306,72
385,3,DEG01,DE,"Erfurt, Kreisfreie Stadt",DEG01,421,639,373037,37303700.000000000000000,386,385,404409,40440900.000000000000000,20,348,328,98.065292810001750,48.905649465627285,39658487.000000000000000,322,74,323,89
386,3,DEG02,DE,"Gera, Kreisfreie Stadt",DEG02,422,640,176411,17641100.000000000000000,387,386,193947,19394700.000000000000000,20,314,294,97.326037525715790,44.988005568568560,18876093.000000000000000,288,76,287,89
387,3,DEG03,DE,"Jena, Kreisfreie Stadt",DEG03,423,641,161927,16192700.000000000000000,388,387,181302,18130200.000000000000000,20,361,341,110.872334557809620,49.670132215059397,20101376.000000000000000,327,81,319,106
388,3,DEG04,DE,"Suhl, Kreisfreie Stadt",DEG04,424,642,69081,6908100.000000000000000,389,388,81541,8154100.000000000000000,20,333,313,101.793747930488960,43.267718642676328,8300364.000000000000000,284,86,254,97
389,3,DEG05,DE,"Weimar, Kreisfreie Stadt",DEG05,425,643,109590,10959000.000000000000000,390,389,121680,12168000.000000000000000,20,289,269,100.865096975673890,45.209928967455852,12273265.000000000000000,259,83,260,95
390,3,DEG06,DE,Eichsfeld,DEG06,426,646,292238,29223800.000000000000000,391,390,310846,31084600.000000000000000,20,329,309,85.655974340992003,30.241662622743160,26625817.000000000000000,297,83,272,84
391,3,DEG07,DE,Nordhausen,DEG07,427,647,222280,22228000.000000000000000,392,391,236648,23664800.000000000000000,20,310,290,83.454151313343019,31.944313038734677,19749258.000000000000000,268,76,258,80
392,3,DEG0P,DE,Wartburgkreis,DEG0P,428,648,348466,34846600.000000000000000,393,392,382739,38273900.000000000000000,20,334,314,84.653280695199598,30.222319520701955,32400112.000000000000000,278,82,269,83
393,3,DEF0B,DE,Rendsburg-Eckernförde,DEF0B,429,650,894009,89400900.000000000000000,394,393,1045343,104534300.000000000000000,20,350,330,74.174332252667313,29.405943835636204,77537619.000000000000000,315,65,317,69
394,3,DEF0C,DE,Schleswig-Flensburg,DEF0C,430,660,693954,69395400.000000000000000,395,394,806165,80616500.000000000000000,20,313,293,74.035204951839887,30.069471325809019,59684591.000000000000000,283,63,283,69
395,3,DEF0D,DE,Segeberg,DEF0D,431,685,786380,78638000.000000000000000,396,395,875793,87579300.000000000000000,20,309,289,72.975918967153191,30.194836865919285,63911799.000000000000000,281,61,294,67
396,3,DEF0E,DE,Steinburg,DEF0E,432,686,402926,40292600.000000000000000,397,396,455565,45556500.000000000000000,20,348,328,74.764325617639628,33.358196356283834,34060010.000000000000000,325,61,305,68
397,3,DEF0F,DE,Stormarn,DEF0F,433,687,608066,60806600.000000000000000,398,397,690149,69014900.000000000000000,20,322,302,75.096311086446548,29.862302528479091,51827644.000000000000000,295,66,277,69
398,3,DEG0L,DE,Greiz,DEG0L,434,705,348292,34829200.000000000000000,399,398,398874,39887400.000000000000000,20,308,288,80.659213185116101,34.700918959732668,32172863.000000000000000,277,68,260,75
399,3,DEG0M,DE,Altenburger Land,DEG0M,435,706,263737,26373700.000000000000000,400,399,296115,29611500.000000000000000,20,308,288,82.914799993245865,37.773632214965495,24552316.000000000000000,277,70,270,76
400,3,DEG0N,DE,"Eisenach, Kreisfreie Stadt",DEG0N,436,707,66630,6663000.000000000000000,401,400,70037,7003700.000000000000000,20,277,257,100.010651512771820,40.948648461382426,7004446.000000000000000,247,87,247,94