0
0
0.00623034365602259
0.0580565184453984
0.0389109524574734
0.0594660361332384
0.0979591836734694
0.126998921053236
0.103202405821721
0.0667110488739928
0.0461605564610546
0.0348568673813732
0.0301026147241799
0.0269989210532357
0.0245081609696747
0.0234315098367806
0.0232340855352265
0.0223020591813778
0.0222492596588692
0.023608273455614
0.0266132549757811
0.033238447234912
0.0341383347489727
0.0188425426413535
0.0105576088703198
0.00743325451665481
0.0049172424875462
0.00326438786988361
0.00315878882486628
0.00256651592020385
0.00263538486260646
0.00234843093592893
0.00140951768784004
0.00219462363122977
0.00256651592020385
0.000638185532930833
0.000739193315121324
0.000596864167489268
0.000500447648125617
0.000500447648125617
0.000594568536075848
0.000378779183214343
0.000325979660705677
0.000270884506783591
0.000381074814627763
0.000408622391588806
0.000321388397878837
0.000259406349716489
0.000181354881660201
0.000241041298409127
0.000153807304699158
0.000197424301554142
0.000128555359151535
0.000103303413603912
0.000103303413603912
0.000133146621978375
0.000140033516218636
0.000110190307844173
0.000130850990564955
0.000123964096324694
6.42776795757673e-05
6.65733109891876e-05
7.57558366428686e-05
0.000130850990564955
8.72339937099699e-05
2.29563141342026e-05
6.19820481623471e-05
3.44344712013039e-05
1.60694198939418e-05
2.98432083744634e-05
9.87121507770712e-05
2.29563141342026e-05
1.37737884805216e-05
1.60694198939418e-05
6.65733109891876e-05
1.83650513073621e-05
1.83650513073621e-05
4.3616996854985e-05
4.13213654415647e-05
2.52519455476229e-05
1.83650513073621e-05
5.73907853355065e-05
4.13213654415647e-05
4.59126282684052e-06
2.29563141342026e-05
1.14781570671013e-05
2.52519455476229e-05
2.29563141342026e-06
5.05038910952457e-05
9.18252565368105e-06
7.57558366428686e-05
1.37737884805216e-05
6.88689424026078e-06
4.59126282684052e-06
9.18252565368105e-06
2.29563141342026e-06
0
4.59126282684052e-06
1.37737884805216e-05
1.60694198939418e-05
0
0
2.29563141342026e-06
4.59126282684052e-06
0
2.29563141342026e-06
0
0
2.29563141342026e-06
2.29563141342026e-06
0
0
0
0
0
0
0
0
0
9.18252565368105e-06
0
2.29563141342026e-06
4.59126282684052e-06
6.88689424026078e-06
6.88689424026078e-06
2.29563141342026e-06
2.29563141342026e-06
0
0
2.29563141342026e-06
0
4.59126282684052e-06
0
6.88689424026078e-06
2.75475769610431e-05
0
0
0
0
0
0
4.59126282684052e-06
0
6.88689424026078e-06
2.29563141342026e-06
2.29563141342026e-06
0
0
0
2.29563141342026e-06
0
2.29563141342026e-06
2.29563141342026e-06
4.59126282684052e-06
0
2.29563141342026e-06
0
0
0
0
0
0
0
0
0
0
0
0
0
0
0
0
0
0
0
0
0
0
0
0
0
0
0
0
0
0
0
0
0
0
0
0
0
0
0
0
0
0
0
0
0
0
0
0
0
0
0
0
0
0
0
0
0
0
0
0
0
0
0
0
0
0
0
0
0
0
0
0
0
0
0
0
0
0
0
0
0
0
0
0
0
0
0
0
0
0
0
0
0
0
0
0
0
0
0
0
0
0
0
0
0
0
0
0
0
0
0
0
0
0
0
0
0
0
0
0
0
0
0
0
0
0
0
0
0
0
0
0
0
0
0
0
0
0
0
0
0
0
0
0
0
0
0
0
0
0
0
0
0
0
0
0
0
0
0
0
0
0
0
0
0
0
0
0
0
0
0
0
0
0
0
0
0
0
0
0
0
0
0
0
0
0
0
0
0
0
0
0
0
0
0
0
0
0
0
0
0
0
0
0
0
0
0
0
0
0
0
0
0
0
0
0
0
0
0
0
0
0
0
0
0
0
0
0
0
0
0
0
0
0
0
0
0
0
0
0
0
0
0
0
0
0
0
0
0
0
0
0
0
0
0
0
0
0
0
0
0
0
0
0
0
0
0
0
0
0
0
0
0
0
0
0
0
0
0
0
0
0
0
0
0
0
0
0
0
0
0
0
0
0
0
0
0
0
0
0
0
0
0
0
0
0
0
0
0
0
0
0
0
0
0
0
0
0
0
0
0
0
0
0
0
0
0
0
0
0
0
0
0
0
0
0
0
0
0
0
0
0
0
0
0
0
0
0
0
0
0
0
0
0
0
0
0
0
0
0
0
0
0
0
0
0
0
0
0
0
0
0
0
0
0
0
0
0
0
0
0
0
0
0
0
0
0
0
0
0
0
0
0
0
0
0
0
0
0
0
0
0
0
0
0
0
0
0
0
0
0
0
0
0
0
0
0
0
0
0
0
0
0
0
0
0
0
0
0
0
0
0
0
0
0
0
0
0
0
0
0
0
0
0
0
0
0
0
0
0
0
0
0
0
0
0
0
0
0
0
0
0
0
0
0
0
0
0
0
0
0
0
0
0
0
0
0
0
0
0
0
0
0
0
0
0
0
0
0
0
0
0
0
0
0
0
0
0
0
0
0
0
0
0
0
0
0
0
0
0
0
0
0
0
0
0
0
0
0
0
0
0
0
0
0
0
0
0
0
0
0
0
0
0
0
0
0
0
0
0
0
0
0
0
0
0
0
0
0
0
0
0
0
0
0
0
0
0
0
0
0
0
0
0
0
0
0
0
0
0
0
0
0
0
0
0
0
0
0
0
0
0
0
0
0
0
0
0
0
0
0
0
0
0
0
0
0
0
0
0
0
0
0
0
0
0
0
0
0
0
0
0
0
0
0
0
0
0
0
0
0
0
0
0
0
0
0
0
0
0
0
0
0
0
0
0
0
0
0
0
0
0
0
0
0
0
0
0
0
0
0
0
0
0
0
0
0
0
0
0
0
0
0
0
0
0
0
0
0
0
0
0
0
0
0
0
0
0
0
0
0
0
0
0
0
0
0
0
0
0
0
0
0
0
0
0
0
0
0
0
0
0
0
0
0
0
0
0
0
0
0
0
0
0
0
0
0
0
0
0
0
0
0
0
0
0
0
0
0
0
0
0
0
0
0
0
0
0
0
0
0
0
0
0
0
0
0
0
0
0
0
0
0
0
0
0
0
0
0
0
0
0
0
0
0
0
0
0
0
0
0
0
0
0
0
0
0
0
0
0
0
0
0
0
0
0
0
0
0
0
0
0
0
0
0
0
0
0
0
0
0
0
0
0
0
0
0
0
0
0
0
0
0
0
0
0
0
0
0
0
0
0
0
0
0
0
0
0
0
0
0
0
0
0
0
0
0
0
0
0
0
0
0
0
