4.240403
0.000000
0.000000
0.000000
0.000000
0.000000
0.000000
0.000000
0.000000
0.000000
0.000000
0.000000
0.000000
0.000000
0.000000
0.000000
0.000000
0.000000
0.000000
0.000000
0.000000
2.967414
2.585801
2.181503
2.767451
2.775431
2.833997
2.380000
2.969760
2.458915
3.933834
3.432105
3.397030
3.061180
3.150000
3.605710
4.069264
4.739832
4.916093
4.600000
4.320000
4.230094
4.954108
4.553409
4.861702
4.622225
5.711804
5.744562
5.430842
5.235381
5.881352
5.870000
5.705306
5.799482
5.320907
5.812611
5.834752
5.802942
5.981815
5.816772
5.004177
5.453395
5.427919
5.481825
5.293532
5.944817
5.867633
5.948280
5.464694
5.565179
5.908229
5.022237
5.657566
5.207325
5.884002
5.946421
6.508926
6.695600
6.827972
6.982576
6.930644
6.121813
6.875108
6.511162
6.712782
6.157803
6.563313
6.998403
6.440821
6.418572
6.888350
6.889677
6.298821
6.669607
6.373287
6.919628
6.311630
6.894325
6.420600
6.808469
6.831923
6.047904
6.944231
6.584752
6.816571
6.994655
6.261961
6.814606
6.959086
6.220725
6.944633
6.992472
6.986676
6.383714
7.729800
7.818816
7.736929
7.040000
7.750648
7.085423
7.693506
7.772275
7.742076
7.322726
7.710787
7.241669
7.519969
7.320415
7.554269
7.602906
7.843973
7.902824
7.028827
7.867408
7.723939
7.950961
7.873486
7.813852
7.428658
7.992760
7.904606
7.424638
7.054979
8.845514
8.520314
8.136192
8.999515
8.845282
8.578712
8.939342
8.681659
8.511960
8.772825
8.738243
8.609068
8.937233
8.951801
8.607763
8.982841
8.255891
8.184452
8.224442
8.405893
8.721770
8.654871
8.139404
8.296611
8.717932
9.616330
9.504920
9.315843
9.362631
9.847980
9.250639
9.691791
9.324030
9.363790
9.360000
9.382152
9.175447
9.367713
9.772631
9.517635
9.809662
9.336438
9.066390
9.176742
9.361241
9.265683
9.278750
9.544918
9.377245
9.703184
9.150000
9.616615
9.327640
9.862413
9.676225
9.397908
9.529199
10.817669
10.051717
10.759238
10.499397
10.132417
11.400049
11.750029
11.507832
11.323289
11.232917
13.275682
13.974000
13.740000
13.033659
14.327371
14.870000
14.862040
15.130796
15.656500
15.566705
16.580000
16.307598
17.252283
0.000000
0.000000
0.000000
0.000000
0.000000
0.000000
0.000000
0.000000
0.000000
0.000000
0.000000
0.000000
0.000000
0.000000
0.000000
0.000000
0.000000
0.000000
0.000000
0.000000
0.000000
0.000000
0.000000
0.000000
0.000000
0.000000
0.000000
0.000000
0.000000
0.000000
0.000000
0.000000
0.000000
0.000000
0.000000
0.000000
0.000000
0.000000
0.000000
0.000000
0.000000
0.000000
0.000000
0.000000
0.000000
0.000000
0.000000
0.000000
0.000000
0.000000
0.000000
0.000000
0.000000
0.000000
0.000000
0.000000
0.000000
0.000000
0.000000
0.000000
0.000000
0.000000
0.000000
0.000000
0.000000
0.000000
0.000000
0.000000
0.000000
0.000000
0.000000
0.000000
0.000000
0.000000
0.000000
0.000000
0.000000
0.000000
0.000000
0.000000
0.000000
0.000000
0.000000
0.000000
0.000000
0.000000
0.000000
0.000000
0.000000
0.000000
0.000000
0.000000
0.000000
0.000000
0.000000
0.000000
0.000000
0.000000
0.000000
0.000000
0.000000
0.000000
0.000000
0.000000
0.000000
0.000000
0.000000
0.000000
0.000000
0.000000
0.000000
0.000000
0.000000
0.000000
0.000000
0.000000
0.000000
0.000000
0.000000
0.000000
0.000000
0.000000
0.000000
0.000000
0.000000
0.000000
0.000000
0.000000
0.000000
0.000000
0.000000
0.000000
0.000000
0.000000
0.000000
0.000000
0.000000
0.000000
0.000000
0.000000
0.000000
0.000000
0.000000
0.000000
0.000000
0.000000
0.000000
0.000000
0.000000
0.000000
0.000000
0.000000
0.000000
0.000000
0.000000
0.000000
0.000000
0.000000
0.000000
0.000000
0.000000
0.000000
0.000000
0.000000
0.000000
0.000000
0.000000
0.000000
0.000000
0.000000
0.000000
0.000000
0.000000
0.000000
0.000000
0.000000
0.000000
0.000000
0.000000
0.000000
0.000000
0.000000
0.000000
0.000000
0.000000
0.000000
0.000000
0.000000
0.000000
0.000000
0.000000
0.000000
0.000000
0.000000
0.000000
0.000000
0.000000
0.000000
0.000000
0.000000
0.000000
0.000000
0.000000
0.000000
0.000000
0.000000
0.000000
0.000000
0.000000
0.000000
0.000000
0.000000
0.000000
0.000000
0.000000
0.000000
0.000000
0.000000
0.000000
0.000000
0.000000
0.000000
0.000000
0.000000
0.000000
0.000000
0.000000
0.000000
0.000000
0.000000
0.000000
0.000000
0.000000
0.000000
0.000000
0.000000
0.000000
0.000000
0.000000
0.000000
0.000000
0.000000
0.000000
0.000000
0.000000
0.000000
0.000000
0.000000
0.000000
0.000000
0.000000
0.000000
0.000000
0.000000
0.000000
0.000000
0.000000
0.000000
0.000000
0.000000
0.000000
0.000000
0.000000
0.000000
0.000000
0.000000
0.000000
0.000000
0.000000
0.000000
0.000000
0.000000
0.000000
0.000000
0.000000
0.000000
0.000000
0.000000
0.000000
0.000000
0.000000
0.000000
0.000000
0.000000
0.000000
0.000000
0.000000
0.000000
0.000000
0.000000
0.000000
0.000000
0.000000
0.000000
0.000000
0.000000
0.000000
0.000000
0.000000
0.000000
0.000000
0.000000
0.000000
0.000000
0.000000
0.000000
0.000000
0.000000
0.000000
0.000000
0.000000
0.000000
0.000000
0.000000
0.000000
0.000000
0.000000
0.000000
0.000000
0.000000
0.000000
0.000000
0.000000
0.000000
0.000000
0.000000
0.000000
0.000000
0.000000
2.814542
2.957501
2.570000
2.292989
2.957237
2.977840
2.527336
2.818258
2.800000
2.269206
2.654047
2.473936
2.982248
2.858338
2.329628
2.789881
2.500000
2.270000
2.158689
2.785205
2.454757
2.375590
2.670001
2.803576
2.420000
3.088326
3.117759
3.637176
3.407403
3.777832
3.243706
3.315675
3.115706
3.587823
3.718694
3.160426
3.554415
3.612793
3.729386
3.447772
3.985376
3.414663
3.408255
3.322790
3.243458
3.714779
3.569024
3.202021
3.370967
3.349461
3.129747
3.890780
3.604294
3.364079
3.551038
3.602636
3.370606
3.289785
3.773014
3.190032
3.662158
3.390893
3.369828
3.545671
3.427518
3.681443
3.822595
3.708525
3.311121
3.255493
3.351524
3.259305
3.103294
3.626771
3.169142
3.862266
3.000000
3.133792
3.190837
3.395990
3.560096
3.080143
3.414774
3.649482
3.533903
3.147459
3.345928
3.150000
3.790139
3.304028
3.187465
3.614948
3.455917
3.008495
3.826729
3.341526
3.348081
3.193589
3.623644
3.496559
3.599103
3.458935
3.840437
3.002213
3.809710
3.156280
3.425394
3.396338
3.522056
3.762747
3.640000
3.845312
3.091312
3.869245
4.591983
4.600041
4.398671
4.561996
4.266008
4.418772
4.489725
4.062566
4.550646
4.867420
4.339476
4.927013
4.777729
4.347082
4.210000
4.993886
4.090732
4.261355
4.952548
4.417679
4.691361
4.900193
4.310000
4.339343
4.733721
4.467361
4.330738
4.991500
4.792907
5.013424
5.138188
5.735349
5.816469
5.473617
5.349961
5.793094
5.102538
5.531657
5.972098
5.528448
5.309278
5.847371
5.897479
5.345948
5.540725
5.794343
5.735224
5.154168
5.928564
5.648599
5.815383
5.695800
5.571545
5.921521
5.803726
5.553919
5.885859
5.868259
5.472861
5.515643
5.773725
5.513490
5.997625
5.753448
5.664109
5.892627
5.046418
5.907749
5.640741
5.742528
5.831968
5.567223
5.407431
5.963583
5.610625
6.920187
6.623171
6.183187
6.764791
6.487287
6.945172
6.772858
6.010239
6.602316
6.614491
6.501518
6.893537
6.798410
6.928520
6.544479
6.703346
6.473667
6.656578
6.403105
6.654895
6.100337
6.916136
6.410297
6.144903
6.853708
6.896273
6.193385
6.646050
6.994640
6.496582
6.835115
6.839296
6.502612
6.705407
6.919196
6.741839
6.737591
6.671041
6.003899
6.664119
6.250968
6.896050
6.270553
6.603892
6.489534
6.022306
6.804764
6.170000
6.349332
6.021713
6.834089
6.537647
6.739323
6.762033
6.990637
6.328521
6.074548
6.596835
6.702839
6.884546
6.500773
6.160722
6.367492
6.390671
6.116855
6.851421
6.600000
6.467949
6.611942
6.520932
6.018379
6.348641
6.977120
6.982320
6.055812
6.457908
7.668056
7.309052
7.748988
7.610068
7.787812
7.231905
7.561264
7.484883
7.897526
7.356004
7.794938
7.685162
7.725230
7.242021
7.020000
7.727990
7.827388
7.437955
7.306980
7.683687
7.687349
7.585472
7.251356
7.664654
7.453532
7.336784
7.785912
7.761659
7.818476
7.153450
7.134255
7.883623
7.833851
7.388526
7.869312
7.908078
7.733400
7.980000
7.995576
7.500174
7.891640
7.673415
7.398417
7.476351
7.898808
7.081878
8.228517
8.559093
8.826783
8.223584
8.468265
8.251226
8.634886
8.317593
8.675198
8.291591
8.779404
8.713161
8.095393
8.757900
8.141284
8.611763
8.802568
8.495984
8.615387
8.599590
8.310758
8.039401
9.169248
9.360000
9.401373
9.610156
9.300364
9.758300
9.491812
9.723000
9.512802
9.483056
9.011871
10.016708
10.060000
10.667966
10.455600
11.605356
11.383817
11.649435
11.793101
11.820000
12.534317
12.110920
13.912561
13.008932
13.450336
14.720000
14.150000
17.322575
17.870001
20.340000
20.340000
20.634701
0.000000
0.000000
0.000000
0.000000
0.000000
0.000000
0.000000
0.000000
0.000000
0.000000
0.000000
0.000000
0.000000
0.000000
0.000000
0.000000
0.000000
0.000000
0.000000
0.000000
0.000000
0.000000
0.000000
0.000000
0.000000
0.000000
0.000000
0.000000
0.000000
0.000000
0.000000
0.000000
0.000000
0.000000
0.000000
0.000000
0.000000
0.000000
0.000000
0.000000
0.000000
0.000000
0.000000
0.000000
0.000000
0.000000
0.000000
0.000000
0.000000
0.000000
0.000000
0.000000
0.000000
0.000000
0.000000
0.000000
0.000000
0.000000
0.000000
0.000000
0.000000
0.000000
0.000000
0.000000
0.000000
0.000000
0.000000
0.000000
0.000000
0.000000
0.000000
0.000000
0.000000
0.000000
0.000000
0.000000
0.000000
0.000000
0.000000
0.000000
0.000000
0.000000
0.000000
0.000000
0.000000
0.000000
0.000000
0.000000
0.000000
0.000000
0.000000
0.000000
0.000000
0.000000
0.000000
0.000000
0.000000
0.000000
0.000000
0.000000
0.000000
0.000000
0.000000
0.000000
0.000000
0.000000
0.000000
0.000000
0.000000
0.000000
0.000000
0.000000
0.000000
0.000000
0.000000
0.000000
0.000000
0.000000
0.000000
0.000000
0.000000
0.000000
0.000000
0.000000
0.000000
0.000000
0.000000
0.000000
0.000000
0.000000
0.000000
0.000000
0.000000
0.000000
0.000000
0.000000
0.000000
0.000000
0.000000
0.000000
0.000000
0.000000
0.000000
0.000000
0.000000
0.000000
0.000000
0.000000
0.000000
0.000000
0.000000
0.000000
0.000000
0.000000
0.000000
0.000000
0.000000
0.000000
0.000000
0.000000
0.000000
0.000000
0.000000
0.000000
0.000000
0.000000
0.000000
0.000000
0.000000
0.000000
0.000000
0.000000
0.000000
0.000000
0.000000
0.000000
0.000000
0.000000
0.000000
0.000000
0.000000
0.000000
0.000000
0.000000
0.000000
0.000000
0.000000
0.000000
0.000000
0.000000
0.000000
0.000000
0.000000
0.000000
0.000000
0.000000
0.000000
0.000000
0.000000
0.000000
0.000000
0.000000
0.000000
0.000000
0.000000
0.000000
0.000000
0.000000
0.000000
0.000000
0.000000
0.000000
0.000000
0.000000
0.000000
0.000000
0.000000
0.000000
0.000000
0.000000
0.000000
0.000000
0.000000
0.000000
0.000000
0.000000
0.000000
0.000000
0.000000
0.000000
0.000000
0.000000
0.000000
0.000000
0.000000
0.000000
0.000000
0.000000
0.000000
0.000000
0.000000
0.000000
0.000000
0.000000
0.000000
0.000000
0.000000
0.000000
0.000000
0.000000
0.000000
0.000000
0.000000
0.000000
0.000000
0.000000
0.000000
0.000000
0.000000
0.000000
0.000000
0.000000
0.000000
0.000000
0.000000
0.000000
0.000000
0.000000
0.000000
0.000000
0.000000
0.000000
0.000000
0.000000
0.000000
0.000000
0.000000
0.000000
0.000000
0.000000
0.000000
0.000000
0.000000
0.000000
0.000000
0.000000
0.000000
0.000000
0.000000
0.000000
0.000000
0.000000
0.000000
0.000000
0.000000
0.000000
0.000000
0.000000
0.000000
0.000000
0.000000
0.000000
0.000000
0.000000
0.000000
0.000000
0.000000
0.000000
0.000000
0.000000
0.000000
0.000000
0.000000
0.000000
0.000000
0.000000
0.000000
0.000000
0.000000
0.000000
0.000000
0.000000
0.000000
0.000000
0.000000
0.000000
0.000000
0.000000
0.000000
0.000000
0.000000
0.000000
0.000000
0.000000
0.000000
0.000000
0.000000
0.000000
0.000000
0.000000
0.000000
0.000000
0.000000
0.000000
0.000000
0.000000
0.000000
0.000000
0.000000
0.000000
0.000000
0.000000
2.734926
2.293246
2.940707
2.639201
2.869155
2.917620
2.351670
2.961470
2.980589
2.574538
2.320000
2.690000
2.890000
2.660035
2.350000
2.170000
2.344550
3.410119
3.669355
3.394537
3.959872
3.311404
3.624296
3.786758
3.598440
3.359003
3.904682
3.166399
3.739763
3.164280
3.190000
3.207191
3.412091
3.624485
3.520000
3.139201
3.502356
3.187740
3.148786
4.230975
4.863434
4.748143
4.325796
4.340364
4.890045
4.738028
4.571906
4.835541
4.652070
4.836833
4.249613
4.562016
4.240945
4.372951
4.923313
4.923932
4.781186
4.892718
4.566819
4.535427
4.042933
5.426680
5.564688
5.603427
5.205470
5.925884
5.811277
5.596281
5.738305
5.319680
5.973045
5.824441
5.938577
5.426687
5.919205
5.864205
5.998902
5.869214
5.213756
5.689868
5.860401
5.565457
5.857966
5.874928
5.807790
5.810132
5.320854
5.099528
5.403445
5.931117
5.721514
5.819112
5.644969
5.849865
5.429015
5.151476
5.742198
5.655450
5.931425
5.561080
5.967047
5.987410
5.197313
5.634202
5.433107
5.969592
5.274477
5.040653
5.401886
5.891469
5.849699
5.754314
5.652164
5.819593
5.524784
5.658264
5.324775
5.824833
5.041752
5.943540
5.658662
5.989281
5.349828
5.909011
5.705782
5.731281
5.465997
6.968076
6.053087
6.763699
6.765659
6.483774
6.614480
6.313568
6.556871
6.773656
6.809505
6.889584
6.876308
6.806648
6.782083
6.798481
6.760775
6.742275
6.997608
6.376338
6.353278
6.258925
6.815144
6.439657
6.619036
6.284657
6.571446
6.941525
6.335237
6.829613
6.555108
6.335713
6.746953
6.951383
6.954264
6.659910
6.306746
6.891652
6.490630
6.242432
6.727221
6.964667
6.617918
6.327772
6.231525
6.247277
6.657187
6.158209
6.750834
6.769913
6.946787
6.651982
6.920592
6.807749
6.969766
6.731169
6.032686
6.691958
6.894455
6.668735
6.412249
6.526448
6.543594
6.671335
6.641219
6.220605
6.833105
6.883072
6.612826
6.721837
6.971768
6.769290
7.533422
7.869720
7.911497
7.174066
7.753827
7.812192
7.021564
7.973374
7.816603
7.808456
7.594327
7.157197
7.569949
7.050852
7.566879
7.952730
7.254269
7.970936
7.794716
7.810022
7.794549
7.750838
7.566715
7.697369
7.227438
7.747511
7.949035
7.870512
7.228315
7.589516
7.769321
7.862287
7.377624
7.656990
7.390246
7.167744
7.072326
7.623048
7.976593
7.936174
7.866252
7.251039
7.096777
7.688494
7.777880
7.805266
7.634706
7.750345
7.533391
7.639132
7.412615
7.793588
7.936594
7.936903
7.834918
7.967139
7.891849
7.679743
7.752807
7.894142
7.344946
7.148987
7.636637
7.727703
7.621872
7.591854
7.802923
7.290110
8.075398
8.394748
8.062609
8.072472
8.804399
8.721297
8.827298
8.966916
8.524251
8.309484
8.649646
8.176018
8.223889
8.061770
8.680569
8.808522
8.220033
8.195652
8.891959
8.991467
8.907411
8.655784
8.296383
8.646043
8.343548
8.802862
8.295378
8.090290
8.504922
8.322653
8.748684
8.457824
8.736262
8.953194
8.565365
8.803427
8.187490
8.422581
8.536881
8.079363
8.638510
8.767983
8.123792
9.140301
9.050089
9.751612
9.055945
9.946203
9.828859
10.543403
10.395176
10.505920
10.587112
10.444165
10.982511
10.881417
10.480000
10.287642
10.120000
10.434188
10.679792
11.140000
11.140534
11.219728
11.250000
11.062718
11.044521
12.150908
14.440799
31.260201
0.000000
0.000000
0.000000
0.000000
0.000000
0.000000
0.000000
0.000000
0.000000
0.000000
0.000000
0.000000
0.000000
0.000000
0.000000
0.000000
0.000000
0.000000
0.000000
0.000000
0.000000
0.000000
0.000000
0.000000
0.000000
0.000000
0.000000
0.000000
0.000000
0.000000
0.000000
0.000000
0.000000
0.000000
0.000000
0.000000
0.000000
0.000000
0.000000
0.000000
0.000000
0.000000
0.000000
0.000000
0.000000
0.000000
0.000000
0.000000
0.000000
0.000000
0.000000
0.000000
0.000000
0.000000
0.000000
0.000000
0.000000
0.000000
0.000000
0.000000
0.000000
0.000000
0.000000
0.000000
0.000000
0.000000
0.000000
0.000000
0.000000
0.000000
0.000000
0.000000
0.000000
0.000000
0.000000
0.000000
0.000000
0.000000
0.000000
0.000000
0.000000
0.000000
0.000000
0.000000
0.000000
0.000000
0.000000
0.000000
0.000000
0.000000
0.000000
0.000000
0.000000
0.000000
0.000000
0.000000
0.000000
0.000000
0.000000
0.000000
0.000000
0.000000
0.000000
0.000000
0.000000
0.000000
0.000000
0.000000
0.000000
0.000000
0.000000
0.000000
0.000000
0.000000
0.000000
0.000000
0.000000
0.000000
0.000000
0.000000
0.000000
0.000000
0.000000
0.000000
0.000000
0.000000
0.000000
0.000000
0.000000
0.000000
0.000000
0.000000
0.000000
0.000000
0.000000
0.000000
0.000000
0.000000
0.000000
0.000000
0.000000
0.000000
0.000000
0.000000
0.000000
0.000000
0.000000
0.000000
0.000000
0.000000
0.000000
0.000000
0.000000
0.000000
0.000000
0.000000
0.000000
0.000000
0.000000
0.000000
0.000000
0.000000
0.000000
0.000000
0.000000
0.000000
0.000000
0.000000
0.000000
0.000000
0.000000
0.000000
0.000000
0.000000
0.000000
0.000000
0.000000
0.000000
0.000000
0.000000
0.000000
0.000000
0.000000
0.000000
0.000000
0.000000
0.000000
0.000000
0.000000
0.000000
0.000000
0.000000
0.000000
0.000000
0.000000
0.000000
0.000000
0.000000
0.000000
0.000000
0.000000
0.000000
0.000000
0.000000
0.000000
0.000000
0.000000
0.000000
0.000000
0.000000
0.000000
0.000000
0.000000
0.000000
0.000000
0.000000
0.000000
0.000000
0.000000
0.000000
0.000000
0.000000
0.000000
0.000000
0.000000
0.000000
0.000000
0.000000
0.000000
0.000000
0.000000
0.000000
0.000000
0.000000
0.000000
0.000000
0.000000
0.000000
0.000000
0.000000
0.000000
0.000000
0.000000
0.000000
0.000000
0.000000
0.000000
0.000000
2.604386
2.720000
2.860000
2.623926
2.975665
2.715831
2.953918
2.464756
2.994029
2.853763
2.982459
2.978763
2.777605
2.561884
2.220000
2.247494
2.840558
2.627733
2.260000
2.895550
2.326200
2.698014
2.986402
2.940000
2.995346
2.720083
2.663043
2.823686
2.790000
2.660000
2.769236
2.575132
2.994718
2.170000
2.988260
2.230000
2.200000
2.728468
3.803724
3.429371
3.423092
3.223105
3.931842
3.463243
3.162622
3.280314
3.855623
3.597646
3.847655
3.191906
3.459633
3.429482
3.098028
3.358187
3.783031
3.064096
3.361156
3.697931
3.990000
3.933794
3.884075
3.300000
3.556732
3.454995
3.093626
3.381898
3.691119
3.487865
3.362997
3.698765
3.537018
3.899343
3.048169
3.641844
3.562743
3.565382
3.787088
3.247955
3.155215
3.569665
3.644532
3.054770
3.765353
3.058380
3.760000
3.436920
3.514330
3.418300
3.865488
3.893530
3.280000
3.065270
4.236515
4.297380
4.379743
4.982271
4.612092
4.381443
4.338003
4.407989
4.320245
4.548870
4.219942
4.847553
4.792124
4.785237
4.039663
4.147585
4.741117
4.607450
4.300000
4.468761
4.060000
4.688482
4.809958
4.246157
4.953068
4.190000
4.460446
4.240000
4.573564
4.595063
4.820608
4.386863
4.885046
4.825061
4.927618
4.894397
4.682747
4.966803
4.080000
4.939702
4.433886
4.808241
5.942013
5.608892
5.864835
5.900024
5.805965
5.981536
5.946999
5.272736
5.543059
5.167574
5.122807
5.945503
5.154840
5.252964
5.871260
5.132476
5.247652
5.050791
5.636572
5.975179
5.361791
5.880167
5.820481
5.744064
5.321664
5.937532
5.506764
5.580734
5.855398
5.127564
5.314876
5.303452
5.831848
5.494500
5.597879
5.415766
5.495893
5.074716
5.429684
5.077226
5.970698
5.738058
5.698078
5.764656
5.911143
5.618170
5.899614
5.648957
5.361174
5.688514
5.974378
5.787697
5.854954
5.571985
5.421252
5.918093
5.801086
5.833599
5.552989
5.232027
5.343973
5.509897
5.942241
5.420000
5.593937
6.989745
6.832370
6.843057
6.526370
6.182332
6.463824
6.626836
6.148888
6.057952
6.973330
6.515381
6.917259
6.217668
6.066183
6.828648
6.790000
6.633215
6.302943
6.236303
6.167117
6.195172
6.700612
6.732213
6.676999
6.557081
6.626972
6.900094
6.512780
6.855876
6.880523
6.535419
6.377238
6.700437
6.867670
6.715526
6.366131
6.385398
6.943462
6.730000
6.297521
6.973537
6.912786
6.164550
6.899163
6.927367
6.939675
6.771644
6.759711
6.804289
6.773642
6.580266
6.901065
6.701210
6.964269
6.833905
6.549706
6.038151
6.941760
6.444135
6.853335
6.918827
6.640000
6.960915
6.315108
6.650823
6.260582
6.586491
6.524117
6.101847
7.297646
7.571015
7.546124
7.266987
7.329365
7.351830
7.458048
7.655982
7.425349
7.389625
7.606894
7.720000
7.956402
7.888536
7.988893
7.448371
7.976062
7.838095
7.953936
7.944725
7.783931
7.486155
7.965882
7.630000
7.154031
7.860229
7.062522
7.418783
7.530371
7.856897
7.842372
7.269995
7.963279
7.133492
7.365847
7.690000
7.832428
7.851468
7.290000
7.547608
7.241077
7.650000
7.844520
7.464817
7.592840
7.861429
7.740654
7.927863
7.940284
7.279868
7.048785
7.746356
7.762236
7.663481
7.949040
7.260000
7.256696
7.096574
7.380614
7.492204
7.477317
7.961452
7.748386
7.932785
7.110795
7.969028
7.970115
7.781198
7.027597
7.300000
7.921086
7.280000
7.426914
7.686162
7.891203
7.951983
8.070111
8.199918
8.946011
8.556662
8.888227
8.995616
8.396090
8.278710
8.863380
8.923416
8.129205
8.336522
8.320997
8.988937
8.932899
8.330517
8.265507
8.560720
8.215866
8.740000
8.294641
8.930000
8.261850
8.523180
8.972621
8.855103
8.782834
8.823967
8.957979
8.387573
8.755362
8.692891
8.467750
8.820000
8.351989
8.331903
8.768484
8.993577
8.045079
8.805065
8.262601
8.727779
8.380466
8.159925
8.890425
8.218191
8.710000
8.282225
8.798161
8.608813
8.819942
8.112339
9.445274
9.430988
9.475812
9.779883
9.438020
9.576480
9.564579
9.846222
9.922310
9.421236
9.498813
9.829228
9.432077
9.379236
9.485265
9.484349
9.267261
9.573984
9.645957
9.224853
9.827886
9.530000
9.869649
9.286633
9.538521
9.431842
9.439430
9.503466
9.995718
9.570416
9.819808
9.730000
9.847233
9.887828
9.926023
9.622032
9.733538
9.125917
9.724750
9.875809
9.130115
9.574531
9.305598
9.184371
9.740859
9.611567
9.809525
10.617371
10.562653
10.266464
10.814532
10.768520
10.900683
10.680873
10.838161
10.531525
10.659349
10.194710
10.476846
10.420000
10.987896
10.430917
10.632924
10.771438
10.226166
10.610484
10.601118
10.564447
10.462109
10.880000
10.876175
10.209576
10.293705
10.629896
10.559801
10.278512
10.921515
10.771612
10.718256
10.983458
10.738525
10.237273
10.822510
10.331511
10.679473
10.830000
10.096618
11.205401
11.106039
11.831964
11.866066
11.213843
11.150927
11.526100
11.060000
11.133998
11.944445
11.755168
11.223757
11.555344
11.330616
11.554063
11.698942
11.320000
11.929900
12.379712
12.218796
12.602907
12.780147
12.884397
12.009743
12.540000
12.999763
12.445347
12.880000
12.956544
12.957209
12.390000
12.220000
12.119182
12.070000
12.570000
12.489088
12.524876
12.094052
12.566860
12.866997
13.236574
13.088592
13.679712
13.256010
13.841595
13.282717
13.902960
13.096164
13.138850
14.098129
14.270000
15.770000
15.770000
15.410416
15.227330
15.025870
15.689000
15.108238
15.480000
15.311386
16.948437
16.670000
16.360001
16.740000
17.151497
17.631285
17.320000
17.320000
17.250000
17.565636
18.629494
18.100000
18.574148
19.242348
20.360001
20.534000
30.616327
21.379999
21.379999
21.968096
29.403404
27.875799
27.875799
25.514145
0.000000
0.000000
0.000000
0.000000
0.000000
0.000000
0.000000
0.000000
0.000000
0.000000
0.000000
0.000000
0.000000
0.000000
0.000000
0.000000
0.000000
0.000000
0.000000
0.000000
0.000000
0.000000
0.000000
0.000000
0.000000
0.000000
0.000000
0.000000
0.000000
0.000000
0.000000
0.000000
0.000000
0.000000
0.000000
0.000000
0.000000
0.000000
0.000000
0.000000
0.000000
0.000000
0.000000
0.000000
0.000000
0.000000
0.000000
0.000000
0.000000
0.000000
0.000000
0.000000
0.000000
0.000000
0.000000
0.000000
0.000000
0.000000
0.000000
0.000000
0.000000
0.000000
0.000000
0.000000
0.000000
0.000000
0.000000
0.000000
0.000000
0.000000
0.000000
0.000000
0.000000
0.000000
0.000000
0.000000
0.000000
0.000000
0.000000
0.000000
0.000000
0.000000
0.000000
0.000000
0.000000
0.000000
0.000000
0.000000
0.000000
0.000000
0.000000
0.000000
0.000000
0.000000
0.000000
0.000000
0.000000
0.000000
0.000000
0.000000
0.000000
0.000000
0.000000
0.000000
0.000000
0.000000
0.000000
0.000000
0.000000
0.000000
0.000000
0.000000
0.000000
0.000000
0.000000
0.000000
0.000000
0.000000
0.000000
0.000000
0.000000
0.000000
0.000000
0.000000
0.000000
0.000000
0.000000
0.000000
0.000000
0.000000
0.000000
0.000000
0.000000
0.000000
0.000000
0.000000
0.000000
0.000000
0.000000
0.000000
0.000000
0.000000
0.000000
0.000000
0.000000
0.000000
0.000000
0.000000
0.000000
0.000000
0.000000
0.000000
0.000000
0.000000
0.000000
0.000000
0.000000
0.000000
0.000000
0.000000
0.000000
0.000000
0.000000
0.000000
0.000000
0.000000
0.000000
0.000000
0.000000
0.000000
0.000000
0.000000
0.000000
0.000000
0.000000
0.000000
0.000000
0.000000
0.000000
0.000000
0.000000
0.000000
0.000000
0.000000
0.000000
0.000000
0.000000
0.000000
0.000000
0.000000
0.000000
0.000000
0.000000
0.000000
0.000000
0.000000
0.000000
0.000000
0.000000
0.000000
0.000000
0.000000
0.000000
0.000000
0.000000
0.000000
0.000000
0.000000
0.000000
0.000000
0.000000
2.815769
2.850000
2.788094
3.478928
3.733132
3.912839
3.536877
3.727624
3.443148
3.917629
4.048026
4.756205
4.167460
4.941246
4.934241
4.135333
4.410823
5.461847
5.768169
5.720539
5.372499
5.117568
6.974252
6.752948
6.640407
6.576830
6.960025
6.658512
6.917424
6.087030
6.031018
7.980309
7.990621
7.881756
7.011706
7.610725
7.933293
7.937022
8.025277
8.654136
8.343613
8.032251
8.563989
8.464601
9.517411
11.249164
13.809054
13.190000
16.790001
16.790001
17.422001
0.000000
0.000000
0.000000
0.000000
0.000000
0.000000
0.000000
0.000000
0.000000
0.000000
0.000000
0.000000
0.000000
0.000000
0.000000
0.000000
0.000000
0.000000
0.000000
0.000000
0.000000
0.000000
0.000000
0.000000
0.000000
0.000000
0.000000
0.000000
0.000000
0.000000
0.000000
0.000000
0.000000
0.000000
0.000000
0.000000
0.000000
0.000000
0.000000
0.000000
0.000000
0.000000
0.000000
0.000000
0.000000
0.000000
0.000000
0.000000
0.000000
0.000000
0.000000
0.000000
0.000000
0.000000
0.000000
0.000000
0.000000
0.000000
0.000000
0.000000
0.000000
0.000000
0.000000
0.000000
0.000000
0.000000
0.000000
0.000000
0.000000
0.000000
0.000000
0.000000
0.000000
0.000000
0.000000
0.000000
0.000000
0.000000
0.000000
0.000000
0.000000
0.000000
0.000000
0.000000
0.000000
0.000000
0.000000
0.000000
0.000000
0.000000
0.000000
0.000000
0.000000
0.000000
0.000000
0.000000
0.000000
0.000000
0.000000
0.000000
0.000000
0.000000
0.000000
0.000000
0.000000
0.000000
0.000000
0.000000
0.000000
0.000000
0.000000
0.000000
0.000000
0.000000
0.000000
0.000000
0.000000
0.000000
0.000000
0.000000
0.000000
0.000000
0.000000
0.000000
0.000000
0.000000
0.000000
0.000000
0.000000
0.000000
0.000000
0.000000
0.000000
0.000000
0.000000
0.000000
0.000000
0.000000
0.000000
0.000000
0.000000
0.000000
0.000000
0.000000
0.000000
0.000000
0.000000
0.000000
0.000000
0.000000
0.000000
0.000000
0.000000
0.000000
0.000000
0.000000
0.000000
0.000000
0.000000
0.000000
0.000000
0.000000
0.000000
0.000000
0.000000
0.000000
0.000000
0.000000
0.000000
2.571362
2.529029
2.385268
2.480000
3.359218
3.478623
3.152762
3.286172
4.111520
4.927643
4.136370
4.967767
4.972845
4.533457
5.588495
5.784527
5.754396
5.931848
5.910632
5.865701
5.515807
5.135739
5.227475
5.574857
5.346330
5.386385
5.844148
5.140000
5.563105
5.862991
5.630289
5.865833
5.847540
5.762570
6.551719
6.701684
6.863095
6.786986
6.867518
6.080000
6.973148
6.901033
6.939923
6.261719
6.898826
7.543493
7.272225
7.952972
7.377516
7.297073
7.901310
7.677225
7.918463
7.091668
7.366811
7.255670
7.916910
7.831140
8.223547
8.360771
8.751683
8.273154
9.524469
9.474672
9.730192
9.768023
9.290269
9.170000
10.375789
10.870097
10.709717
11.136122
11.630000
11.790000
11.540000
13.190000
13.810010
15.178880
16.557512
16.849167
17.251492
0.000000
0.000000
0.000000
0.000000
0.000000
0.000000
0.000000
0.000000
0.000000
0.000000
0.000000
0.000000
0.000000
0.000000
0.000000
0.000000
0.000000
0.000000
0.000000
0.000000
0.000000
0.000000
0.000000
0.000000
0.000000
0.000000
0.000000
0.000000
0.000000
0.000000
0.000000
0.000000
0.000000
0.000000
0.000000
0.000000
0.000000
0.000000
0.000000
0.000000
0.000000
0.000000
0.000000
0.000000
0.000000
0.000000
0.000000
0.000000
0.000000
0.000000
0.000000
0.000000
0.000000
0.000000
0.000000
0.000000
0.000000
0.000000
0.000000
0.000000
0.000000
0.000000
0.000000
0.000000
0.000000
0.000000
0.000000
0.000000
0.000000
0.000000
0.000000
0.000000
0.000000
0.000000
0.000000
0.000000
0.000000
0.000000
0.000000
0.000000
0.000000
0.000000
0.000000
0.000000
0.000000
0.000000
0.000000
0.000000
0.000000
0.000000
0.000000
0.000000
0.000000
0.000000
0.000000
0.000000
0.000000
0.000000
0.000000
0.000000
0.000000
0.000000
0.000000
0.000000
0.000000
0.000000
0.000000
0.000000
0.000000
0.000000
0.000000
0.000000
0.000000
0.000000
0.000000
0.000000
0.000000
0.000000
0.000000
0.000000
0.000000
0.000000
0.000000
0.000000
0.000000
0.000000
0.000000
0.000000
0.000000
0.000000
0.000000
2.910948
2.940000
2.706620
2.935125
2.510000
2.305346
2.770000
2.933367
2.945861
2.630000
2.130000
2.110000
2.890832
2.946593
2.020000
2.660000
3.564283
3.622911
3.676797
3.795910
3.930000
3.802724
3.976200
3.030000
3.640000
3.680037
3.820000
3.996953
3.757495
3.365972
3.588170
3.280000
3.314834
3.190949
3.603968
3.384865
3.650000
3.207751
3.749777
3.945200
3.565808
3.139310
3.811411
3.942324
3.491050
3.863405
3.344997
3.816579
3.910000
3.584654
3.773724
3.830473
3.840000
3.669747
4.402883
4.768534
4.317408
4.925299
4.996215
4.412576
4.782761
4.339579
4.933128
4.828413
4.442475
4.960000
4.177954
4.765254
4.955420
4.196114
4.368978
4.060000
4.311844
4.920000
4.576823
4.853342
4.351875
4.560000
4.800000
4.993263
4.708384
4.274227
4.355929
4.860373
4.665576
4.545835
4.286994
4.260000
4.979611
4.708419
4.671382
4.337003
4.650000
4.804027
4.971620
4.910000
4.807484
4.694281
4.603878
4.800000
4.797313
4.364300
5.608377
5.992208
5.945333
5.366703
5.472656
5.508949
5.973449
5.996918
5.361556
5.402018
5.375918
5.378718
5.817657
5.868503
5.434292
5.220000
5.328300
5.436788
5.788445
5.276352
5.660000
5.077537
5.437710
5.228510
5.860065
5.606591
5.587608
5.191205
5.798345
5.979674
5.796663
5.867483
5.529254
5.986876
5.926474
5.994633
5.612545
5.650000
5.779020
5.131834
5.835431
5.848049
5.398961
5.759065
5.908965
5.749869
5.720413
5.818008
5.240519
5.900438
5.311543
5.903042
5.750424
5.130324
5.469541
5.550000
5.874491
5.911941
5.899393
5.737634
5.900000
5.182051
5.349844
5.268816
5.952879
5.842026
5.704127
5.364904
5.610828
5.401566
5.451990
5.815263
5.651422
5.936704
5.739658
5.775451
5.610816
5.383001
5.089653
5.969945
5.632833
5.844097
5.843261
5.854529
5.501645
5.771595
6.516289
6.858981
6.723256
6.643703
6.631128
6.051413
6.742310
6.848886
6.387132
6.606793
6.412970
6.844834
6.726697
6.343634
6.040707
6.240000
6.722870
6.818822
6.369748
6.651773
6.420765
6.758249
6.394440
6.508349
6.920116
6.707494
6.875962
6.855917
6.724401
6.512247
6.864121
6.589531
6.190079
6.729058
6.911162
6.832853
6.014392
6.918860
6.718843
6.805663
6.823287
6.347791
6.998126
6.131471
6.964402
6.746017
6.155594
6.707311
6.493752
6.800000
6.949286
6.181225
6.881169
6.820831
6.107665
6.248735
6.044846
6.170000
6.942706
6.951807
6.102751
6.459950
6.926881
6.484150
6.215228
6.460794
6.006665
6.848091
6.666963
6.799578
6.670175
6.232776
6.595394
6.722732
6.050000
6.542558
6.488128
6.000000
6.607817
6.207620
6.172998
6.354354
6.965981
6.170000
6.605422
6.631281
6.724265
6.425257
6.749590
6.883951
6.897228
6.698315
6.957509
6.652873
6.690000
6.932817
6.605119
6.766941
6.025716
6.089169
6.692522
6.878544
6.507290
6.834039
6.248735
6.725242
6.951669
6.793274
7.378427
7.553167
7.777661
7.322847
7.780214
7.978944
7.589569
7.399160
7.975276
7.453335
7.587332
7.807982
7.871787
7.168695
7.130235
7.430907
7.228824
7.642290
7.314699
7.083064
7.779502
7.477750
7.351535
7.332032
7.920078
7.567762
7.556310
7.945065
7.867706
7.941247
7.723032
7.550142
7.922652
7.823530
7.865759
7.829184
7.073143
7.586141
7.514016
7.812376
7.105264
7.499025
7.530933
7.769142
7.941324
7.414602
7.894562
7.767303
7.839473
7.659568
7.809302
7.302616
7.586922
7.610268
7.555500
7.260043
7.549528
7.365243
7.244072
7.940621
7.210554
7.493875
7.675447
7.519438
7.357876
7.924844
7.803557
7.186350
7.709294
7.576989
7.941905
7.794164
7.705906
7.511809
7.130758
7.197319
7.262019
7.896029
7.270800
7.573206
7.773094
7.023579
7.990255
7.664629
7.875283
7.239713
7.913105
7.658176
7.791865
7.564049
7.980455
7.624467
7.895814
7.861172
7.568411
7.963114
7.882335
7.852811
7.040000
7.590074
7.157507
7.827703
7.171512
7.946169
7.951680
7.125073
8.080000
8.062016
8.753550
8.023460
8.191151
8.996699
8.949360
8.756829
8.241386
8.174460
8.912259
8.550286
8.180679
8.800197
8.150120
8.555490
8.996276
8.993807
8.660889
8.979484
8.078341
8.991332
8.475024
8.249722
8.191530
8.447604
8.842961
8.107675
8.707898
8.806102
8.271108
8.952867
8.824982
8.131483
8.755404
8.423343
8.303157
8.955871
8.783327
8.866554
8.923392
8.434456
8.085724
8.954107
8.320000
8.265592
8.097907
8.588984
8.570099
8.992808
8.609686
8.049850
8.866319
8.648954
8.062904
8.050287
8.552187
8.884840
8.132950
8.608061
8.936392
8.541932
9.355450
9.242290
9.117463
9.958560
9.422572
9.265776
9.868432
9.470840
9.560023
9.597189
9.080260
9.200000
9.387359
9.857588
9.683543
9.414089
9.415782
9.641518
9.718482
9.207313
9.235725
9.341066
9.882783
9.008433
9.224230
9.877332
9.227426
9.156329
9.564599
9.535704
9.500000
9.923143
10.976426
10.421399
10.014012
10.840773
10.514350
10.867971
10.411552
10.985654
10.765779
10.620256
10.716257
10.606717
10.769454
10.321447
10.568189
10.772814
11.807536
11.685268
11.535141
11.912062
11.417562
11.774916
11.659821
11.533200
11.432920
11.351579
11.841712
12.044184
12.202769
12.914029
12.450000
12.739602
13.180000
13.550000
13.248897
13.850000
13.090000
13.250000
14.770000
14.648000
14.410000
14.590000
14.120000
14.770000
15.296000
15.890000
15.810000
15.510000
15.800000
15.230000
15.530000
15.670000
16.129999
16.330000
16.590000
34.005749
17.980000
17.170000
19.459999
19.459999
19.459999
29.211203
0.000000
0.000000
0.000000
0.000000
0.000000
0.000000
0.000000
0.000000
0.000000
0.000000
0.000000
0.000000
0.000000
0.000000
0.000000
0.000000
0.000000
0.000000
0.000000
0.000000
0.000000
0.000000
0.000000
0.000000
0.000000
0.000000
0.000000
0.000000
0.000000
0.000000
0.000000
0.000000
0.000000
0.000000
0.000000
0.000000
0.000000
0.000000
0.000000
0.000000
0.000000
0.000000
0.000000
0.000000
0.000000
0.000000
0.000000
0.000000
0.000000
0.000000
0.000000
0.000000
0.000000
0.000000
0.000000
0.000000
0.000000
0.000000
0.000000
0.000000
0.000000
0.000000
0.000000
0.000000
0.000000
0.000000
0.000000
0.000000
0.000000
0.000000
0.000000
0.000000
0.000000
0.000000
0.000000
0.000000
0.000000
0.000000
0.000000
0.000000
0.000000
0.000000
0.000000
0.000000
0.000000
0.000000
0.000000
0.000000
0.000000
0.000000
0.000000
0.000000
0.000000
0.000000
0.000000
0.000000
0.000000
0.000000
0.000000
0.000000
0.000000
0.000000
0.000000
0.000000
0.000000
0.000000
0.000000
0.000000
0.000000
0.000000
0.000000
0.000000
0.000000
0.000000
0.000000
0.000000
0.000000
0.000000
0.000000
0.000000
0.000000
0.000000
0.000000
0.000000
0.000000
0.000000
0.000000
0.000000
0.000000
0.000000
0.000000
0.000000
0.000000
0.000000
0.000000
0.000000
0.000000
0.000000
0.000000
0.000000
0.000000
0.000000
0.000000
0.000000
0.000000
0.000000
0.000000
0.000000
0.000000
0.000000
0.000000
0.000000
0.000000
0.000000
0.000000
0.000000
0.000000
0.000000
0.000000
0.000000
0.000000
0.000000
0.000000
0.000000
0.000000
0.000000
0.000000
0.000000
0.000000
0.000000
0.000000
0.000000
0.000000
0.000000
0.000000
0.000000
0.000000
0.000000
0.000000
0.000000
0.000000
0.000000
0.000000
0.000000
0.000000
0.000000
0.000000
0.000000
0.000000
0.000000
0.000000
0.000000
0.000000
0.000000
0.000000
0.000000
0.000000
0.000000
0.000000
0.000000
0.000000
0.000000
0.000000
0.000000
0.000000
0.000000
0.000000
0.000000
0.000000
0.000000
0.000000
0.000000
0.000000
0.000000
0.000000
0.000000
0.000000
0.000000
0.000000
0.000000
0.000000
0.000000
0.000000
0.000000
0.000000
0.000000
0.000000
0.000000
0.000000
0.000000
0.000000
0.000000
2.090000
2.836798
2.900388
2.764582
2.997481
2.835181
2.913948
2.844100
2.978660
2.940314
2.640000
2.739662
2.728079
2.990000
2.962972
2.280000
2.944034
2.610000
2.984064
2.860248
2.909779
2.874145
2.903414
2.820786
2.856584
2.960000
2.940818
2.944032
2.984647
2.790000
2.968526
2.977449
2.884312
2.852401
2.838111
2.587140
2.959100
2.737936
2.794834
2.963666
2.954770
2.998060
2.900000
2.715652
2.988185
2.995291
3.919574
3.306553
3.819314
3.348889
3.426843
3.449968
3.353987
3.299096
3.982316
3.264804
3.540578
3.191390
3.697706
3.592909
3.714296
3.443950
3.131229
3.359049
3.621724
3.703857
3.834505
3.480220
3.192844
3.087944
3.767649
3.207741
3.883011
3.593257
3.085258
3.380411
3.867321
3.356703
3.060109
3.538701
3.164954
3.227443
3.216004
3.644612
3.103793
3.822323
3.419010
3.384805
3.251028
3.400894
3.218001
3.744081
3.771908
3.401294
3.840314
3.138735
3.090043
3.277701
3.588614
3.102461
3.942434
3.487288
3.234522
3.412436
3.022675
3.436581
3.981411
3.192583
3.550000
3.123917
3.953406
3.170419
3.979280
3.283898
3.449991
3.287960
3.310338
3.709158
3.198660
3.331241
3.865427
3.611629
3.156748
3.245575
3.177607
3.427567
3.510112
3.443655
3.148947
3.132776
3.886652
3.082889
3.654186
3.317367
3.460000
3.565760
3.080000
3.845907
3.630000
3.764619
3.219870
3.613239
3.952246
3.560361
3.040273
3.192072
3.106418
3.788332
3.140293
3.820043
3.910559
3.264923
3.050649
3.487576
3.111262
3.234601
3.715247
3.096972
3.170511
3.988525
3.765351
3.798554
3.059246
3.650967
3.839751
3.630000
3.555697
3.679499
3.039967
3.855685
4.321355
4.865032
4.106635
4.675511
4.220676
4.476853
4.430000
4.364348
4.533559
4.682614
4.961303
4.699747
4.713416
4.066011
4.457832
4.665906
4.145791
4.186207
4.485519
4.130032
4.078764
4.865980
4.942475
4.560145
4.805103
4.479614
4.584305
4.724555
4.471067
4.189531
4.070084
4.270657
4.267294
4.179778
4.509123
4.761345
4.140512
4.107190
4.993147
4.996109
4.927826
4.720993
4.610553
4.900371
4.873546
4.504835
4.047913
4.814559
4.399776
4.595694
4.750000
4.949066
4.355039
4.770411
4.997341
4.559325
4.447904
4.669579
4.846060
4.525156
5.691816
5.969137
5.632647
5.948380
5.624319
5.592828
5.605352
5.095353
5.551699
5.900034
5.865581
5.300598
5.459190
5.236703
5.855010
5.678313
5.538347
5.849972
5.942770
5.863447
5.408840
5.435845
5.818099
5.897346
5.881067
5.692235
5.639225
5.376803
5.263753
5.360837
5.647161
5.968744
5.697004
5.763562
5.065212
5.808494
5.467698
5.268330
5.330636
5.566030
5.321652
5.470377
5.164175
5.907271
5.752081
5.154278
5.726404
5.589621
5.332965
5.892391
5.754497
5.806896
5.726846
5.421661
5.893785
5.152170
5.955714
5.693853
5.607943
5.602445
5.929208
5.691409
5.682780
5.468121
5.262900
5.171364
5.706212
5.452413
5.840339
5.746058
5.723536
5.442834
5.501236
5.478870
5.783598
6.445312
6.463565
6.912463
6.468500
6.911336
6.629857
6.026552
6.680753
6.516806
6.839066
6.584771
6.648427
6.175655
6.785651
6.588697
6.242397
6.844134
6.080000
6.096650
6.885326
6.763004
6.912968
6.942309
6.738426
6.799900
6.354505
6.585732
6.777164
6.769558
6.654596
6.417541
6.771456
6.497557
6.917140
6.388953
6.221947
6.912724
6.212102
6.335281
6.439053
6.953097
6.133677
6.962223
6.763738
6.360882
6.680000
6.766865
6.664189
6.738883
6.024974
6.668109
6.295033
6.731589
6.029345
6.581414
6.092694
6.887339
6.377422
6.697381
6.990684
6.649994
6.189186
6.947692
6.677485
6.988782
6.662005
6.818214
6.865366
6.836383
6.668144
6.882275
6.148953
6.153485
6.620654
6.976313
6.440695
6.991698
6.233387
6.356529
6.340250
6.878922
6.388801
6.942006
6.958976
6.158129
6.422727
6.847475
6.448525
6.410465
6.915281
6.204723
6.229712
6.990365
6.829421
6.933375
6.066319
6.557516
7.346422
7.092844
7.370813
7.363369
7.464303
7.480139
7.509009
7.746455
7.219662
7.629853
7.921564
7.572762
7.248000
7.957689
7.432838
7.256353
7.537705
7.343664
7.636311
7.736225
7.365772
7.875767
7.416023
7.106842
7.901009
7.541210
7.601411
7.557657
7.876547
7.867488
7.687756
7.849159
7.573907
7.172303
7.180002
7.872890
7.963641
7.674242
7.893823
7.470096
7.901716
7.640000
7.596244
7.210000
7.490000
7.700961
7.624993
7.060000
7.990458
7.643724
7.035224
7.767341
7.894505
7.054430
7.310409
7.550785
7.575385
7.213546
7.992866
7.629252
7.245295
7.652074
7.897858
7.347669
7.951092
7.895972
7.259851
7.260000
7.830939
7.726505
7.851309
7.944345
7.612474
7.997020
8.369158
8.760000
8.385464
8.678460
8.545622
8.439512
8.527895
8.411608
8.032930
8.919794
8.476295
8.873506
8.142344
8.243856
8.245856
8.888101
8.120000
8.720278
8.524388
8.392496
8.033463
8.952524
8.650451
8.126059
8.887232
8.746634
8.539124
8.023500
8.937557
8.672878
8.235850
8.870404
8.550000
8.836337
8.100927
8.526239
8.813151
8.832921
8.935410
8.427519
8.180000
8.858734
8.416971
8.875194
8.188985
8.047939
8.651171
8.323621
8.112236
8.862003
8.366510
8.936079
8.671474
8.146613
8.093645
8.323621
8.454959
9.151433
9.601089
9.420000
9.606749
9.805167
9.140096
9.631672
9.986445
9.474418
9.754229
9.680000
9.425648
9.783911
9.077551
9.649575
9.777523
9.000974
9.458008
9.373744
9.564566
9.775003
9.317234
9.317492
10.013999
10.174898
10.236145
10.520354
10.380498
10.480000
10.145452
10.988234
10.208958
10.396599
10.157853
10.640000
10.931963
10.032303
10.827948
10.411290
11.740000
11.158762
11.517242
11.923563
11.332021
11.737579
11.756895
11.896309
12.032567
12.075857
12.499026
12.191361
12.975582
12.332588
13.960000
13.166006
13.849968
13.519915
13.970002
13.471333
13.800000
13.300124
13.958328
13.784566
13.015944
14.030000
14.935304
14.070000
14.864633
14.872271
14.180000
14.022711
15.455920
15.300000
15.148333
16.420000
16.360001
16.049999
17.199757
17.523642
18.270700
18.270700
18.513323
18.860001
18.860001
18.860001
19.910000
20.790001
21.162771
23.820000
0.000000
0.000000
0.000000
0.000000
0.000000
0.000000
0.000000
0.000000
0.000000
0.000000
0.000000
0.000000
0.000000
0.000000
0.000000
0.000000
0.000000
0.000000
0.000000
0.000000
0.000000
0.000000
0.000000
0.000000
0.000000
0.000000
0.000000
0.000000
0.000000
0.000000
0.000000
0.000000
0.000000
0.000000
0.000000
0.000000
0.000000
0.000000
0.000000
0.000000
0.000000
0.000000
0.000000
0.000000
0.000000
0.000000
0.000000
0.000000
0.000000
0.000000
0.000000
0.000000
0.000000
0.000000
0.000000
0.000000
0.000000
0.000000
0.000000
0.000000
0.000000
0.000000
0.000000
0.000000
0.000000
0.000000
0.000000
0.000000
0.000000
0.000000
0.000000
0.000000
0.000000
0.000000
0.000000
0.000000
0.000000
0.000000
0.000000
0.000000
0.000000
0.000000
0.000000
0.000000
0.000000
0.000000
0.000000
0.000000
0.000000
0.000000
0.000000
0.000000
0.000000
0.000000
0.000000
0.000000
0.000000
0.000000
0.000000
0.000000
0.000000
0.000000
0.000000
0.000000
0.000000
0.000000
0.000000
0.000000
0.000000
0.000000
0.000000
0.000000
0.000000
0.000000
0.000000
0.000000
0.000000
0.000000
0.000000
0.000000
0.000000
0.000000
0.000000
0.000000
0.000000
0.000000
0.000000
0.000000
0.000000
0.000000
0.000000
0.000000
0.000000
0.000000
0.000000
0.000000
0.000000
0.000000
0.000000
0.000000
0.000000
0.000000
0.000000
0.000000
0.000000
0.000000
0.000000
0.000000
0.000000
0.000000
0.000000
0.000000
0.000000
0.000000
0.000000
0.000000
0.000000
0.000000
0.000000
0.000000
0.000000
0.000000
0.000000
0.000000
0.000000
0.000000
0.000000
0.000000
0.000000
0.000000
0.000000
0.000000
0.000000
0.000000
0.000000
0.000000
0.000000
0.000000
0.000000
0.000000
0.000000
0.000000
0.000000
0.000000
0.000000
0.000000
0.000000
0.000000
0.000000
0.000000
0.000000
0.000000
0.000000
0.000000
0.000000
0.000000
0.000000
0.000000
0.000000
0.000000
0.000000
0.000000
0.000000
0.000000
0.000000
0.000000
0.000000
0.000000
0.000000
0.000000
0.000000
0.000000
0.000000
0.000000
0.000000
0.000000
0.000000
0.000000
0.000000
0.000000
0.000000
0.000000
0.000000
0.000000
0.000000
0.000000
0.000000
0.000000
0.000000
0.000000
0.000000
0.000000
0.000000
0.000000
0.000000
0.000000
0.000000
0.000000
0.000000
0.000000
0.000000
0.000000
0.000000
0.000000
0.000000
0.000000
0.000000
0.000000
0.000000
0.000000
0.000000
0.000000
0.000000
0.000000
0.000000
0.000000
0.000000
0.000000
0.000000
0.000000
0.000000
0.000000
0.000000
0.000000
0.000000
0.000000
0.000000
61.651001
51.846825
51.870960
51.869999
55.182003
2.635016
2.563074
2.842115
2.690000
2.552053
2.994999
2.862392
2.886417
2.918149
2.505492
2.642631
2.931764
2.954214
2.698463
2.537227
2.618925
2.346395
2.840671
2.731227
2.857144
2.859395
2.531491
2.927311
2.751381
2.999574
2.585190
2.904879
2.952336
2.915825
2.692358
2.728817
2.937916
2.928198
2.841813
2.584966
2.929375
2.651355
2.846815
2.978327
2.812327
2.621517
2.980379
2.926432
2.945509
2.888795
2.892936
2.740227
2.971789
2.969038
2.952935
2.893266
2.872816
2.999130
2.593250
2.590539
2.853509
2.827227
2.958430
2.940130
2.951926
2.567285
2.526237
2.560000
2.720000
2.720000
2.960275
2.966544
2.710000
2.837120
2.510000
2.450000
2.954986
2.863996
2.899654
2.970732
2.784980
2.719271
2.737593
2.938603
2.973773
2.420000
48.040001
3.522375
3.312090
3.239212
3.410802
3.094259
3.318841
3.268500
3.037833
3.553979
3.750322
3.162834
3.200716
3.473201
3.189771
3.591716
3.398408
3.350000
3.446920
3.114735
3.079770
3.194940
3.720407
3.232449
3.714659
3.110298
3.489555
3.712258
3.389799
3.530941
3.638242
3.068598
3.295614
3.229501
3.138817
3.327051
3.595156
3.194159
3.058748
3.272098
3.588189
3.726360
3.125653
3.079708
3.775369
3.541588
3.085518
3.196913
3.616575
3.919911
3.383422
3.490423
3.872060
3.132597
3.489520
3.087899
3.632942
3.680000
3.100000
3.377058
3.812004
3.552027
3.787992
3.189772
3.215872
3.550806
3.372251
3.760000
3.606940
3.650000
3.990296
3.329168
3.946961
3.754450
3.629438
3.621231
3.042840
3.097505
3.382441
3.061327
3.079108
3.078945
3.709388
3.815840
3.091858
3.122052
3.237217
3.650022
3.308748
47.910000
47.759998
4.831478
4.622909
4.930875
4.762578
4.363596
4.737121
4.790221
4.436812
4.920000
4.482987
4.553629
4.834056
4.568007
4.611381
4.782465
4.731926
4.995974
4.836203
4.769160
4.773702
4.914108
4.280834
4.246717
4.891626
4.001615
4.737046
4.215351
4.468613
4.856208
4.130000
4.234100
4.830770
4.200675
4.993750
4.245826
4.250000
4.380000
4.991492
4.086570
4.580000
4.635993
4.870000
4.036149
4.272961
4.914462
4.962223
4.579370
4.945404
4.265407
4.948534
4.221403
4.939272
4.903884
4.217118
4.879633
4.569038
4.537135
4.225582
4.980318
5.801548
5.863008
5.528893
5.955321
5.371087
5.290000
5.756842
5.761854
5.665747
5.733310
5.056134
5.955699
5.626733
5.030000
5.965306
5.296889
5.232868
5.769444
5.949461
5.789548
5.799613
5.316795
5.818466
5.360000
5.093830
5.669702
5.771281
5.698168
5.938930
5.940331
5.898798
5.402197
5.987610
5.048141
5.985833
5.509673
5.631468
5.901123
5.674524
5.801270
5.287889
5.654444
5.403599
5.563353
5.175300
5.510158
5.549233
5.440000
5.131829
5.920318
5.853227
5.850322
5.273647
5.963613
5.523424
5.530455
5.800000
5.360632
5.948297
5.708302
5.455596
5.182972
5.696094
5.920000
5.216142
5.994589
5.968256
5.364226
5.402352
5.563272
5.982586
5.943393
5.439031
5.713389
5.910919
5.576888
5.622717
5.903754
5.924967
5.977384
5.438929
5.805018
5.322125
5.765521
5.905923
45.209351
6.583634
6.343026
6.351205
6.842968
6.012351
6.990748
6.453085
6.796283
6.982078
6.867095
6.616557
6.785158
6.148211
6.585563
6.733139
6.667277
6.046213
6.377623
6.923019
6.255235
6.880116
6.880477
6.622447
6.300334
6.040661
6.378862
6.170896
6.605686
6.441727
6.336234
6.313218
6.438754
6.085832
6.122426
6.118861
6.779414
6.791280
6.799945
6.133301
6.690392
6.876115
6.088293
6.279306
6.913011
6.952276
6.420000
6.719653
6.426471
6.450090
6.765643
6.902057
6.980852
6.317200
6.449648
6.871222
6.730320
6.834850
6.808536
6.945924
6.235438
6.956125
6.381060
6.761606
6.834607
6.171051
6.324789
6.235806
6.907838
6.882936
6.852598
6.715324
6.397707
6.811963
6.213982
6.713903
6.482096
6.518433
6.530000
6.536980
6.448976
6.736424
6.850756
6.961985
6.448429
6.702940
6.893168
6.705154
6.901762
6.610851
6.463185
6.242997
6.460848
6.910354
6.515481
6.776647
6.319600
6.280000
6.792748
6.908668
6.509768
6.687873
6.693332
6.413231
6.945349
6.750000
6.688179
6.730066
6.110000
6.988563
6.245152
6.688014
6.745680
6.845616
6.306157
6.980386
6.953491
6.942927
6.934114
6.476047
6.437480
6.309580
6.259177
6.379301
6.974188
6.912098
6.249913
6.932735
6.446000
6.642879
6.782227
6.387643
6.286008
6.561671
6.479955
6.699335
6.405672
6.875639
6.835280
6.502349
6.942094
6.753392
6.748319
6.897834
6.750720
6.737994
6.337560
6.790478
6.780000
6.775097
6.748221
6.723155
6.782064
6.512982
6.999590
6.800057
6.621187
44.525894
7.347404
7.516563
7.172765
7.315645
7.520155
7.935641
7.956563
7.215455
7.918233
7.967794
7.813129
7.326954
7.318508
7.726996
7.434494
7.247887
7.769380
7.041362
7.921787
7.613491
7.552333
7.343157
7.313520
7.794211
7.524940
7.842627
7.920485
7.633671
7.341724
7.881386
7.597338
7.966157
7.856825
7.586845
7.190805
7.984092
7.781191
7.729649
7.777062
7.586758
7.544277
7.400405
7.818587
7.253341
7.420990
7.628511
7.745389
7.800444
7.357867
7.078324
7.750125
7.884120
7.988263
7.963328
7.983145
7.430029
7.691185
7.692600
7.312887
7.889591
7.687625
7.052817
7.867009
7.180637
7.070697
7.312676
7.952282
7.984982
7.680357
7.893876
7.675991
7.970576
7.420000
7.980941
7.314156
7.029956
7.231411
7.369978
7.200454
7.842178
7.829185
7.369696
7.734339
7.236068
7.314185
7.890274
7.973135
7.064765
7.353209
7.206885
7.741804
7.836708
7.939301
7.670000
7.895498
7.455510
7.514256
7.553253
7.359908
7.807817
7.535455
7.680788
7.720000
7.965944
7.915563
7.662918
7.352394
7.888435
7.766269
7.078742
7.070000
7.176765
7.921280
7.969617
7.983949
7.355127
7.377454
7.363221
7.428368
7.981400
7.311609
7.050301
7.347300
7.180317
7.977351
7.919329
7.880000
7.217056
7.663620
7.607243
7.967111
7.043983
7.432615
7.870447
7.790531
7.668327
7.084472
7.652145
7.601075
7.639608
7.971022
7.939811
7.031326
7.104331
7.226905
7.068531
7.956070
7.694073
7.960369
7.796139
7.632109
7.776873
7.937681
7.613965
7.596309
7.839211
7.759655
7.502816
7.632162
7.472785
7.762477
7.878755
7.234011
7.312075
7.112517
7.357260
7.427948
7.783531
7.921760
7.532049
7.877409
7.968707
7.781536
7.766332
7.859738
7.944344
7.585841
7.827493
7.638250
7.749018
7.503270
7.695059
7.823243
7.400328
7.334447
7.245857
7.967866
7.704019
7.054363
7.421884
7.948887
43.010250
8.704171
8.898417
8.703131
8.410960
8.858046
8.749664
8.712031
8.074322
8.818714
8.700916
8.245321
8.607431
8.637028
8.333449
8.502015
8.385503
8.854025
8.339828
8.308461
8.987142
8.899549
8.521297
8.977390
8.815893
8.254660
8.915169
8.483455
8.866750
8.335627
8.125246
8.731994
8.926635
8.454630
8.001004
8.565454
8.969088
8.437910
8.489287
8.789818
8.557569
8.940749
8.668734
8.357882
8.955029
8.508968
8.712624
8.056068
8.922320
8.715157
8.741117
8.458375
8.740560
8.983633
8.700291
8.240937
8.137172
8.454500
8.788273
8.522063
8.484375
8.836342
8.159818
8.142195
8.434157
8.503871
8.779357
8.884331
8.186913
8.719362
8.033359
8.958272
8.441157
8.727863
8.505361
8.776921
8.752632
8.240932
8.573924
8.053275
8.516123
8.958384
8.987042
8.195749
8.821627
8.947945
8.659079
8.167258
8.843145
8.892525
8.330895
8.646656
8.042750
8.976992
8.642084
8.811359
8.461039
8.642149
8.741962
8.648859
8.638106
8.990412
8.507963
8.470202
8.239193
8.698709
8.500156
8.991827
8.335503
8.790000
8.702000
8.055590
8.060184
8.899616
8.892609
8.351239
8.739882
8.430606
8.196589
8.134253
8.562764
8.982737
8.212305
8.958545
8.845117
8.818714
8.454973
8.835312
8.587601
8.628484
8.607678
8.875340
8.655039
8.773501
8.161847
8.377335
8.873047
8.263352
8.759562
8.227604
8.954380
8.692168
8.680000
8.585235
8.865147
8.900235
8.388300
8.824152
8.750832
8.473892
8.616045
8.598753
8.854867
8.760009
8.135827
8.764344
8.499629
8.746633
8.474964
8.516283
8.867668
8.618672
8.303028
8.244277
8.851877
8.719158
8.982292
8.678911
8.945765
8.485676
8.526764
8.350892
8.941316
8.961253
8.766679
8.702576
8.770256
8.850000
8.645417
8.140676
8.928566
8.148195
8.681720
8.662171
8.670764
8.009540
8.977154
8.606549
8.976560
8.246137
8.893275
8.799119
8.078305
8.199102
8.927436
8.146198
8.224680
8.390386
8.794638
8.772519
9.491652
9.069922
9.777066
9.891625
9.980266
9.901993
9.370872
9.662043
9.969595
9.854290
9.460073
9.564342
9.341845
9.965796
9.251135
9.044696
9.617505
9.444018
9.148725
9.746010
9.688502
9.633279
9.132834
9.999617
9.247101
9.616197
9.674806
9.303375
9.979993
9.585766
9.056520
9.286685
9.015662
9.356182
9.951493
9.770321
9.519011
9.880000
9.964155
9.985589
9.660265
9.488021
9.669624
9.266429
9.661542
9.664989
9.701049
9.366830
9.810436
9.597887
9.322199
9.821589
9.710032
9.784832
9.565731
9.570964
9.882208
9.986352
9.340562
9.010000
9.418558
9.710000
9.680131
9.908994
9.707866
9.687740
9.731489
9.743118
9.104567
9.945106
9.607692
9.352097
9.890000
9.737712
9.679417
9.972233
9.992147
9.836829
9.583418
9.253829
9.293403
9.970000
9.873930
9.191352
9.779282
9.598716
9.621546
9.598993
9.433966
9.464965
9.928146
9.387157
9.970650
9.404771
9.908474
9.802667
9.014896
9.208989
9.177858
9.820678
9.748621
9.921522
9.990737
9.307343
9.340901
9.559723
9.983763
9.069958
9.521887
9.005020
9.501694
9.264382
9.553473
9.901018
9.302444
9.412213
9.707046
9.857392
9.732234
9.696976
9.264753
9.848191
9.787519
9.729774
9.397535
9.256739
9.065881
9.158274
9.341935
9.748076
9.862835
9.614245
9.693795
9.916750
9.259112
9.535279
9.399940
9.824506
9.520531
9.217759
9.670972
9.790235
9.635006
9.407873
9.134289
9.225684
9.873947
9.725760
9.353362
9.311719
9.922035
9.261489
9.312863
9.785159
9.775866
9.797205
9.379395
9.697578
9.852002
9.392029
9.466945
9.870000
9.604198
9.793305
9.786511
9.526177
9.070680
9.625530
9.367532
9.087220
9.336377
9.560664
9.400721
9.962511
9.973020
9.339059
9.764457
9.679391
9.767932
9.405785
9.602931
9.921829
9.828668
9.467057
9.854812
9.762481
9.294752
9.013103
9.839843
9.398505
9.808037
9.141069
9.450183
9.740215
9.719345
9.612900
9.879248
9.821677
41.534405
10.523500
10.458299
10.549606
10.631840
10.073933
10.894846
10.700000
10.863664
10.613980
10.749632
10.487799
10.861572
10.997743
10.103745
10.655650
10.899151
10.987256
10.972647
10.407768
10.400000
10.093133
10.646105
10.023731
10.439577
10.946368
10.921428
10.838786
10.619885
10.143359
10.798551
10.332720
10.573726
10.890063
10.340793
10.347143
10.764021
10.678010
10.968951
10.379218
10.812137
10.726686
10.366427
10.245367
10.905436
10.466803
10.790341
10.364413
10.618687
10.200000
10.827162
10.456607
10.455892
10.972460
10.577155
10.365704
10.941597
10.809687
10.428176
10.180696
10.076293
10.575323
10.960000
10.030000
10.735813
10.154881
10.079601
10.677663
10.249756
10.209220
10.659141
10.687904
10.162742
10.438086
10.873078
10.706993
10.450957
10.622557
10.929903
10.232452
10.256608
10.933138
10.324091
10.430000
10.314733
10.727630
10.331306
10.353595
10.984398
10.536554
10.083038
10.204783
10.923334
10.892780
10.528828
10.123889
10.884484
10.293478
10.114096
10.028468
10.622453
10.853298
10.356293
10.793965
10.926011
10.583750
10.996440
10.765279
10.773974
10.456580
10.314639
10.514042
10.430779
10.652112
10.700762
10.825664
10.639327
10.966681
10.379350
10.209041
10.320000
10.033550
10.456613
10.669830
10.425520
10.899794
10.834981
10.883279
10.858886
10.910044
10.109379
10.694618
10.647196
10.850764
10.673912
10.977595
10.796761
10.006291
10.189926
10.599580
10.694826
10.955457
10.785217
10.881206
10.874485
10.132627
10.505496
10.642867
10.741549
10.449200
10.049500
10.227789
10.660482
10.280131
10.552789
10.647770
10.570452
10.239602
10.987265
10.961127
10.786564
10.220000
10.348763
10.035081
10.198773
10.410242
40.959999
40.917442
11.573568
11.145815
11.473200
11.693159
11.237140
11.175225
11.683647
11.571242
11.390090
11.656469
11.623622
11.691172
11.140000
11.988061
11.089508
11.676901
11.697593
11.717402
11.485735
11.238525
11.381128
11.469318
11.456081
11.606076
11.269876
11.871942
11.598849
11.993369
11.614188
11.940161
11.954957
11.558329
11.140000
11.867125
11.978674
11.142200
11.083096
11.002154
11.687753
11.887063
11.412614
11.961158
11.257287
11.811071
11.559857
11.416489
11.477146
11.516537
11.523560
11.987804
11.415559
11.799018
11.630192
11.105539
11.688294
11.407899
11.395278
11.364272
11.969126
11.700139
11.434747
11.642294
11.335288
11.447146
11.382415
11.669134
11.666315
11.850843
11.806748
11.948088
11.653179
11.689612
11.092842
11.910339
11.935581
11.815200
11.255266
11.785417
11.275134
11.726787
11.089754
11.999641
11.649127
11.890835
11.425278
11.506792
11.262087
11.615263
11.850290
11.645848
11.330607
11.955077
11.499212
11.510365
11.593550
11.875525
11.609187
11.560704
11.523181
11.823664
11.150833
11.961138
11.232152
11.952957
11.851759
11.319578
11.735617
11.121245
11.967516
11.316166
11.976725
11.924043
11.638452
11.926435
11.629539
11.030764
11.585697
11.437810
11.713017
11.239952
11.809851
11.682565
11.523719
11.949183
11.597704
11.906346
11.019320
11.305949
11.246469
11.312783
11.739974
11.162188
11.407687
11.858198
11.048847
11.053219
11.652672
11.947215
11.815701
11.011415
11.919212
11.704190
11.471677
11.470024
11.716780
11.559069
11.529890
11.984903
11.993144
11.721498
11.293025
11.542620
11.764172
11.869227
11.751281
11.689368
11.561286
11.390786
11.700827
11.953547
11.829537
11.349206
11.073386
11.706316
11.888358
11.985624
11.759565
11.933675
11.479184
11.928762
11.970361
11.650000
11.490000
11.708781
11.568243
11.816320
11.975608
11.990740
11.630124
11.886165
11.783491
11.754702
11.367747
11.699248
11.654131
11.797937
11.192364
11.115067
11.908106
11.685790
12.279923
12.326656
12.223388
12.943561
12.666275
12.786196
12.850000
12.538708
12.917353
12.489578
12.918684
12.695593
12.142414
12.605669
12.613031
12.642829
12.782340
12.563754
12.145020
12.786372
12.696827
12.170012
12.468822
12.933114
12.811400
12.574902
12.933500
12.389226
12.872633
12.921814
12.963956
12.825765
12.992443
12.287910
12.314747
12.907077
12.652753
12.806067
12.565341
12.900868
12.024158
12.877937
12.521030
12.881365
12.116750
12.642325
12.149446
12.617512
12.909573
12.494119
12.092456
12.787429
12.872781
12.558516
12.726270
12.910440
12.205035
12.736423
12.342009
12.227715
12.404158
12.666656
12.667754
12.376669
12.711966
12.741775
12.900179
12.471422
12.490262
12.389211
12.582354
12.448130
12.832011
12.246988
12.864862
12.654149
12.973958
12.626640
12.745732
12.322165
12.852940
12.857461
12.816176
12.624102
12.045767
12.978541
12.825341
12.057888
12.893235
12.209167
12.629387
12.874287
12.743911
12.621549
12.222850
12.067278
12.284363
12.632130
12.171889
12.335188
12.983368
12.190527
12.725654
12.434154
12.725510
12.847486
12.093407
12.585649
12.504752
12.785686
12.040151
12.824932
12.447395
12.632237
12.800870
12.437562
12.950807
12.693992
12.834330
12.458715
12.543214
12.729427
12.689817
12.760108
12.500000
12.623911
12.290605
12.463829
12.827692
12.480811
12.886113
12.732134
12.886579
12.368415
12.537893
12.680223
12.401713
12.477785
12.901011
12.841820
12.817492
12.816553
12.666389
12.800284
12.580664
12.341366
12.971919
12.978065
12.548192
12.808201
12.730393
12.280000
12.840170
12.856524
12.853337
12.965139
12.761239
12.183095
12.851980
12.510019
12.986932
12.800578
12.027815
12.190466
12.663270
12.927258
12.096846
12.548322
12.043305
12.062714
12.901888
12.676629
12.008862
12.458268
12.364921
12.044956
12.778279
12.458200
12.937968
12.687363
12.771142
12.670463
12.817795
12.574254
12.177265
12.914937
12.353572
12.973253
12.356371
12.395738
12.273663
12.313722
12.459517
12.280242
12.358871
12.932523
12.465473
12.816404
12.710000
12.711647
12.495681
12.831118
12.836187
12.610000
38.365616
13.383513
13.560584
13.732294
13.852952
13.695586
13.425204
13.773028
13.830052
13.811193
13.729904
13.219805
13.648206
13.558539
13.854081
13.883196
13.467640
13.145121
13.322970
13.708560
13.256359
13.551989
13.008140
13.424557
13.394743
13.440000
13.560727
13.493817
13.803731
13.483791
13.302032
13.677101
13.274728
13.687253
13.441772
13.653890
13.919417
13.898297
13.364829
13.405869
13.868841
13.050226
13.674649
13.769130
13.904928
13.192416
13.656306
13.799770
13.747281
13.353095
13.994353
13.900372
13.541662
13.129905
13.808206
13.221509
13.646005
13.895389
13.955373
13.518377
13.481751
13.875305
13.182987
13.673019
13.717957
13.744697
13.279471
13.625522
13.225988
13.693467
13.350000
13.991005
13.090000
13.635307
13.501390
13.911345
13.680920
13.604458
13.913214
13.871834
13.879887
13.912578
13.103481
13.595501
13.127129
13.429851
13.655706
13.988106
13.022418
13.440148
13.891630
13.892573
13.733521
13.924975
13.768665
13.660000
13.033331
13.783026
13.380000
13.049408
13.655259
13.881952
13.931604
13.959525
13.410000
13.725573
13.065106
13.736606
13.430467
13.695969
13.094024
13.693702
13.108535
13.624462
13.687181
13.117652
13.437309
13.785903
13.626104
13.530000
13.840633
13.307439
13.223782
13.592080
13.288348
13.543409
13.186245
13.732729
13.106146
13.673535
13.840260
13.117429
13.740635
13.703333
13.487631
13.113999
13.495220
13.781528
13.454411
13.166590
13.771100
13.328604
13.563641
13.122909
13.605890
13.120000
13.660000
13.158299
13.695810
13.631180
13.025804
13.271770
13.502762
13.013824
13.064148
13.049868
13.074324
13.381518
13.927815
13.286398
37.480000
37.364338
37.625999
14.669201
14.834444
14.201293
14.515611
14.409625
14.662890
14.628451
14.236303
14.523341
14.280889
14.832694
14.622214
14.063387
14.550630
14.957703
14.662003
14.178620
14.847933
14.402390
14.440000
14.388683
14.920271
14.228437
14.763251
14.902841
14.660000
14.993852
14.347750
14.449783
14.161092
14.568593
14.752239
14.098711
14.920616
14.485474
14.442263
14.923411
14.462561
14.671356
14.555819
14.108994
14.491469
14.685335
14.068577
14.330565
14.413639
14.786991
14.922304
14.417744
14.722162
14.197498
14.782988
14.454694
14.018643
14.483955
14.530135
14.486068
14.000000
14.129669
14.682940
14.676131
14.222011
14.628718
14.031808
14.689488
14.811625
14.385172
14.977244
14.860774
14.280477
14.631199
14.954097
14.210000
14.280241
14.568485
14.482794
14.300000
14.823504
14.944140
14.307789
14.988714
14.611642
14.111659
14.699432
14.549862
14.920315
14.261502
14.041238
14.094946
14.814364
14.585163
14.108851
14.781325
14.193231
14.973201
14.911878
14.750347
14.879639
14.340000
14.554781
14.001595
14.677364
14.980512
14.075815
14.945013
14.984391
14.136464
14.324605
14.451598
14.502496
14.206543
14.762028
14.200807
14.017577
36.439999
36.255737
36.439999
15.897505
15.251303
15.342082
15.731297
15.603899
15.330000
15.831490
15.915589
15.746597
15.199640
15.881042
15.351008
15.438223
15.479364
15.998129
15.716658
15.554875
15.577159
15.732421
15.969223
15.206483
15.857626
15.161621
15.842518
15.695621
15.980015
15.726111
15.249486
15.634993
15.633431
15.477356
15.413337
15.797976
15.945977
15.851580
15.045718
15.336240
15.847663
15.400042
15.451643
15.766917
15.774406
15.919497
15.952562
15.484022
15.566059
15.347122
15.390000
15.208936
15.488161
15.130636
15.727311
15.967058
15.797328
15.150124
15.339281
15.788217
15.485511
15.222966
15.642357
15.328965
15.409835
15.807443
15.180000
15.353572
15.112993
15.824802
15.753867
15.085530
15.486308
15.599432
15.698986
15.044417
15.450059
15.554870
15.317921
15.899981
15.734313
15.911631
15.971893
15.602795
15.867028
15.704463
15.126057
15.893815
15.765772
15.531404
15.899228
15.093636
35.446663
16.538843
16.441067
16.676069
16.432487
16.910000
16.330000
16.910000
16.400000
16.085140
16.020000
16.740000
16.879999
16.700001
16.770000
16.510742
16.030001
16.558187
16.921516
16.535473
16.707111
16.268482
16.418499
16.569996
16.223305
16.578676
16.370001
16.249104
16.997576
16.686726
16.544983
16.133907
16.895657
16.662325
16.101475
16.252037
16.545023
16.691387
16.228533
16.825911
16.706385
16.685360
16.893219
16.900000
16.900000
16.500000
16.738272
16.875662
16.679768
16.980000
16.930033
16.623823
16.991701
16.729965
16.191570
16.269108
16.031908
16.916225
16.445414
16.200167
16.791788
16.112801
16.466505
16.137720
34.385502
17.040001
17.216942
17.918114
17.636600
17.639296
17.840000
17.605114
17.912611
17.132286
17.630259
17.867472
17.853979
17.907291
17.012630
17.406292
17.986917
17.270000
17.732698
17.889999
17.974043
17.713221
17.816093
17.374680
17.189987
17.972555
17.546379
17.469999
17.378580
17.286522
17.928991
17.560452
17.039888
17.084999
17.890348
17.064989
17.408596
17.424444
33.878426
33.832481
33.770000
33.758690
33.906338
33.945702
18.072586
18.950001
18.915501
18.990000
18.709745
18.240726
18.540001
18.540001
18.548025
18.379999
18.876255
18.475027
18.325207
18.829607
18.281948
18.335794
18.482548
18.252724
18.993458
18.893421
18.151463
18.506926
18.834200
18.056728
18.156628
18.172028
18.834000
18.180000
18.020391
18.230000
18.557648
18.230000
18.230000
18.177364
18.745827
18.230000
18.837456
18.864408
18.283691
18.914516
32.329948
32.715458
32.826279
19.660000
19.032799
19.484884
19.937883
19.772486
19.939228
19.196625
19.222864
19.451029
19.326475
19.078217
19.700039
19.724983
19.881828
19.631981
19.456928
19.706615
19.507999
19.667686
19.326296
19.610035
19.065359
19.845715
19.372854
19.399315
31.387899
31.387899
31.387899
31.734758
31.894239
31.863039
31.754786
31.827650
20.530001
20.370001
20.233261
20.588205
20.929035
20.116056
20.626518
20.024000
20.160175
20.542849
20.609604
20.548777
20.049337
20.590618
30.811413
21.823008
21.245996
21.383921
21.541580
21.254807
21.576998
21.228117
21.666586
21.408640
21.191858
21.340000
21.367846
22.488276
22.481522
22.057438
22.313835
22.293818
22.081497
22.274429
22.043613
22.925076
22.638401
22.388966
22.550985
22.340828
22.358088
22.704319
22.390036
22.509438
28.038294
28.786812
28.074942
23.217278
23.563181
23.693216
23.120001
23.734135
23.847353
23.616806
23.626980
27.750000
27.750000
27.510799
27.081751
27.719660
24.820000
24.262459
24.098000
24.450001
24.194279
24.063259
24.623009
24.690001
24.790001
24.940001
24.051100
26.030001
26.736320
26.139999
26.957235
26.186796
25.580166
25.157000
25.355694
25.051001
25.051001
25.051001
25.051001
25.051001
0.000000
0.000000
0.000000
0.000000
0.000000
0.000000
0.000000
0.000000
0.000000
0.000000
0.000000
0.000000
0.000000
0.000000
0.000000
0.000000
0.000000
0.000000
0.000000
0.000000
0.000000
0.000000
0.000000
0.000000
0.000000
0.000000
0.000000
0.000000
0.000000
0.000000
0.000000
0.000000
0.000000
0.000000
0.000000
0.000000
0.000000
0.000000
0.000000
0.000000
0.000000
0.000000
0.000000
0.000000
0.000000
0.000000
0.000000
0.000000
0.000000
0.000000
0.000000
0.000000
0.000000
0.000000
0.000000
0.000000
0.000000
0.000000
0.000000
0.000000
0.000000
0.000000
0.000000
0.000000
0.000000
0.000000
0.000000
0.000000
0.000000
0.000000
0.000000
0.000000
0.000000
0.000000
0.000000
0.000000
0.000000
0.000000
0.000000
0.000000
0.000000
0.000000
0.000000
0.000000
0.000000
0.000000
0.000000
0.000000
0.000000
0.000000
0.000000
0.000000
0.000000
0.000000
51.740002
51.747791
51.310001
67.252930
2.847153
2.754438
2.652362
2.822263
2.723268
2.850195
2.838768
2.960193
2.706115
2.984359
2.939697
2.961119
2.915624
2.781933
2.604352
2.951418
2.845693
2.905697
2.724743
2.930213
2.639703
2.905682
2.830093
2.921905
2.751541
2.567333
2.860000
2.963379
2.838555
2.787413
2.787541
2.613349
2.881495
2.821741
2.703058
2.880897
2.958814
2.882672
2.802437
2.991279
2.762769
2.874636
2.789898
2.950441
2.723604
2.832880
2.831800
2.878078
2.962014
2.814334
2.260000
2.808131
2.861087
2.824496
2.676180
2.483532
2.881788
2.939220
2.987240
2.896860
2.899978
2.982339
2.912878
2.886500
2.710015
2.441308
2.981966
2.895598
2.427791
2.910111
2.451643
2.990543
2.794015
2.719512
2.852157
2.952278
2.943690
2.512265
2.906123
2.804971
2.446950
2.871176
2.958535
2.878737
2.852224
2.973413
2.452123
2.879857
2.821736
2.701269
2.784720
2.396670
2.936520
2.992793
2.998953
2.930188
2.406320
2.820067
2.640305
2.916949
2.833600
2.985251
2.389760
2.842706
2.773317
2.558749
2.921582
2.953284
2.924770
2.695449
2.286015
2.534701
2.784458
2.908750
2.835106
2.754195
2.915639
2.873188
2.729367
2.894901
2.454956
2.727509
2.566646
2.364696
2.725986
2.757981
2.968563
2.471771
2.443344
2.963766
2.735215
2.787349
2.784396
2.450000
2.956027
2.684592
2.413287
2.940590
2.664062
2.490000
2.934202
2.999687
2.947098
2.686238
2.937187
2.968909
2.863910
2.619114
2.839381
2.428754
2.651209
2.275755
2.834179
2.429039
2.919958
2.399477
2.825374
2.955523
2.657766
2.991731
2.880000
2.457748
2.980031
2.751212
2.960647
2.990747
2.644301
2.940763
2.263566
2.860000
2.238676
2.859888
2.680000
2.996232
2.938045
2.716188
2.820000
2.765942
2.961460
2.830000
2.611959
2.967827
2.893387
2.954468
2.834445
2.874229
2.210196
2.960176
2.997752
2.872705
2.823553
2.521075
2.428327
2.957543
2.770000
2.878321
2.893831
2.584442
2.833880
2.990000
2.771617
2.629956
2.905675
2.559975
2.891778
2.570000
2.979996
2.635566
2.904278
2.786989
2.673193
2.929971
2.872536
2.223048
2.494991
2.835115
2.630000
2.898757
2.702346
2.950000
2.931684
2.821313
2.847978
48.360001
48.990002
3.200908
3.534108
3.094292
3.173205
3.111654
3.916822
3.271933
3.590960
3.352280
3.407700
3.111060
3.086798
3.193497
3.350324
3.105620
3.906910
3.124240
3.492560
3.122850
3.289320
3.439132
3.265180
3.257138
3.093369
3.154198
3.801458
3.211827
3.525136
3.061743
3.089372
3.747104
3.016136
3.418220
3.071883
3.052273
3.423524
3.450000
3.267635
3.335260
3.117115
3.041687
3.286206
3.941315
3.148727
3.613549
3.220303
3.270912
3.358598
3.171653
3.075616
3.113632
3.770000
3.211560
3.109470
3.183419
3.725166
3.357768
3.075729
3.449930
3.120000
3.673764
3.426095
3.118746
3.490521
3.298077
3.699339
3.238328
3.085314
3.813720
3.271087
3.663520
3.126766
3.132390
3.977273
3.335179
3.126593
3.770000
3.035878
3.171114
3.390000
3.439583
3.293229
3.848170
3.086680
3.547679
3.007195
3.530209
3.381553
3.367088
3.362436
3.184997
3.573933
3.414946
3.249403
3.841704
3.215763
3.198917
3.529203
3.193970
3.168740
3.899648
3.275365
3.157295
3.590042
3.782785
3.829654
3.217267
3.082699
3.033864
3.070000
3.653744
3.624034
3.141340
3.629275
3.337412
3.069323
3.202837
3.150000
3.018631
3.170000
3.890721
3.111784
3.305313
3.614666
3.037900
3.787576
3.178086
3.209273
3.402636
3.634204
3.692546
3.716133
3.110000
3.245083
3.734737
3.711141
3.151055
3.589704
3.003464
3.364846
3.399654
3.066452
3.239748
3.888207
3.066168
3.949930
3.378087
3.047674
3.720000
3.816255
47.849998
47.689999
47.270000
47.750000
47.729801
47.660000
47.500000
47.705387
47.630001
47.770000
47.770000
4.640458
4.825537
4.950223
4.339293
4.789698
4.739909
4.870943
4.337688
4.446224
4.981279
4.094614
4.917755
4.831514
4.080000
4.581522
4.761977
4.746983
4.182015
4.130074
4.744684
4.382187
4.943400
4.641431
4.568194
4.911025
4.550718
4.875092
4.182676
4.937246
4.321392
4.806758
4.895849
4.496037
4.786831
4.411376
4.854802
4.756219
4.957261
4.375800
4.326125
4.654710
4.145099
4.957822
4.152846
4.962575
4.943055
4.268805
4.298279
4.960000
4.771210
4.161143
4.916780
4.090000
4.824041
4.776777
4.522921
4.629080
4.166631
4.870393
4.949405
4.673853
4.340858
4.444317
4.513342
4.968305
4.508482
4.772672
4.316147
4.081002
4.799336
4.678993
4.984964
4.573917
4.850000
4.987473
4.808506
4.925966
4.873113
4.899874
4.380000
4.539120
4.770303
4.944674
4.623136
4.769723
4.718594
4.663037
4.999065
4.473357
4.296223
4.447743
4.536961
4.722608
4.151213
4.996061
4.745286
4.449666
4.986715
4.987720
4.898583
4.400000
4.989331
4.914055
4.987245
4.430000
4.846754
4.645589
4.951024
4.602919
4.700000
4.423639
4.926034
4.491074
4.997836
4.349625
4.542042
4.645302
4.819131
4.164178
4.773670
4.231567
4.174349
4.707074
4.894070
4.820334
4.265727
4.976867
4.918510
4.792099
4.635821
4.809488
4.150000
4.302815
4.260000
4.297173
4.280024
4.983414
4.939416
4.688216
4.574552
4.639925
4.843568
4.964846
46.980000
46.980000
46.087196
5.213043
5.335279
5.934805
5.278702
5.071942
5.356774
5.729400
5.755509
5.982182
5.746357
5.773025
5.406608
5.571847
5.665364
5.480000
5.775092
5.826956
5.601339
5.504536
5.809830
5.325956
5.778430
5.999543
5.992426
5.953344
5.474109
5.061752
5.799794
5.683918
5.878448
5.597016
5.096517
5.316628
5.733384
5.469200
5.551912
5.801013
5.537450
5.558951
5.843191
5.162943
5.823729
5.726691
5.732078
5.852088
5.730982
5.922698
5.798728
5.264507
5.762217
5.778613
5.388077
5.814067
5.533422
5.464040
5.749987
5.716765
5.283124
5.145271
5.692837
5.371014
5.165880
5.607395
5.966279
5.946847
5.154231
5.688464
5.792876
5.758668
5.393867
5.310977
5.416095
5.744314
5.469105
5.902978
5.192850
5.455846
5.669928
5.297290
5.558156
5.336055
5.683424
5.660000
5.484086
5.715541
5.874599
5.420847
5.743730
5.932172
5.144962
5.386331
5.448291
5.715714
5.754833
5.926106
5.955296
5.812994
5.706581
5.935032
5.660281
5.790189
5.718744
5.377469
5.316130
5.796668
5.049888
5.702613
5.715065
5.133284
5.221839
5.966412
5.888750
5.790000
5.742430
5.639119
5.783052
5.473544
5.746961
5.520023
5.326577
5.248484
5.364522
5.841624
5.370000
5.881084
5.797955
5.660786
5.742078
5.621020
5.176068
5.880203
5.438277
5.967381
5.570963
5.434653
5.782427
5.516408
5.376018
5.935223
5.929121
5.243944
5.366889
5.391008
5.998358
5.555880
5.973926
5.583359
5.839215
5.554410
5.717627
5.020000
5.895089
5.604218
5.358811
5.470956
5.837643
5.876067
5.932014
5.335355
5.890000
5.867159
5.938257
5.749388
5.503935
5.966164
5.970346
5.567546
5.532430
5.520000
5.261098
5.628624
5.714979
5.719577
5.827004
5.040000
5.952093
5.302342
5.483765
5.010919
5.930562
5.072193
5.921556
5.669313
5.963944
5.677884
5.897134
5.956603
5.768443
5.290000
5.663054
5.590000
45.221924
6.277738
6.541049
6.670491
6.317080
6.118677
6.259218
6.658096
6.313944
6.524943
6.950838
6.750138
6.891175
6.837950
6.438338
6.928462
6.746521
6.873492
6.223750
6.864917
6.597202
6.904329
6.996740
6.794628
6.232893
6.506561
6.442781
6.019996
6.297982
6.520000
6.691906
6.184454
6.506290
6.492405
6.724424
6.907944
6.348323
6.992179
6.986880
6.300404
6.876168
6.030888
6.823374
6.395807
6.337656
6.863048
6.911017
6.598420
6.887884
6.427025
6.889820
6.792842
6.325735
6.594034
6.938855
6.992719
6.045367
6.555640
6.719456
6.405244
6.150695
6.707546
6.631781
6.256681
6.972219
6.389667
6.883902
6.778710
6.756179
6.448005
6.671303
6.226893
6.300000
6.127052
6.811953
6.470000
6.840901
6.702757
6.511608
6.544139
6.975791
6.749345
6.998658
6.429420
6.930324
6.768349
6.863857
6.065361
6.880754
6.849733
6.612488
6.746433
6.645386
6.940436
6.852848
6.812464
6.172116
6.214777
6.763011
6.010430
6.513494
6.022021
6.453434
6.584284
6.644407
6.824995
6.332696
6.934765
6.539673
6.086195
6.160382
6.534816
6.194215
6.725730
6.272462
6.276919
6.519478
6.687871
6.506148
6.784650
6.133040
6.430000
6.131519
6.923911
6.613945
6.558324
6.065958
6.526554
6.915184
6.740595
6.690000
6.130000
6.061957
6.899475
6.905578
6.661823
6.864395
6.662825
6.581961
6.462482
6.598692
6.975924
6.870000
6.096256
6.759524
6.354470
6.718916
6.922636
6.935069
6.880503
6.693252
6.255150
6.666364
6.670645
6.947106
6.922355
6.454947
6.388921
6.964462
6.963339
6.410827
6.465610
6.388925
6.691591
6.247976
6.829625
6.530550
6.881385
6.309922
6.803862
6.584744
6.928325
6.398253
6.821506
6.799765
6.751983
6.074455
6.183446
6.095999
6.045430
6.834148
6.113855
6.650042
6.974108
6.220065
6.459521
6.022359
6.867975
6.588053
6.964518
6.187242
6.810000
6.663145
6.158091
6.820728
6.179917
6.972039
6.194593
6.673956
6.934540
6.928533
6.718256
6.955737
6.704115
6.845583
6.403359
6.569429
6.488940
6.587637
6.395332
6.794032
6.691257
6.940000
6.786921
6.497333
6.994086
6.960000
6.523672
6.917202
6.595680
6.920274
6.143392
6.834854
6.180162
6.711934
6.070000
6.842892
6.946545
6.971199
6.965226
6.996431
6.693929
7.753578
7.623686
7.917098
7.708020
7.918511
7.773253
7.671915
7.302420
7.904022
7.069717
7.293478
7.863100
7.662174
7.362758
7.416582
7.945417
7.838687
7.946662
7.950562
7.703618
7.867138
7.529651
7.820385
7.090633
7.141528
7.990000
7.436086
7.147991
7.886547
7.392907
7.960000
7.895324
7.493871
7.432368
7.914193
7.848746
7.890000
7.839652
7.463646
7.709462
7.224385
7.706748
7.921035
7.655293
7.985541
7.946303
7.642609
7.493778
7.859951
7.856821
7.600727
7.960000
7.534190
7.872034
7.731910
7.624565
7.397592
7.889656
7.005657
7.311750
7.558110
7.155035
7.547492
7.658731
7.559177
7.628591
7.569066
7.746340
7.978319
7.601678
7.722297
7.854275
7.113148
7.712769
7.062462
7.627012
7.608284
7.420000
7.859332
7.888870
7.559896
7.963433
7.920854
7.400306
7.171364
7.297649
7.747195
7.981511
7.516893
7.850912
7.570000
7.435430
7.700000
7.617156
7.301212
7.433007
7.670638
7.915129
7.784277
7.351139
7.651375
7.068387
7.268450
7.026816
7.943934
7.879333
7.932267
7.227745
7.119500
7.684536
7.767352
7.302142
7.905933
7.519264
7.829075
7.253182
7.497535
7.890870
7.703532
7.964110
7.760207
7.438393
7.614488
7.607432
7.479125
7.937524
7.150000
7.654097
7.148660
7.845037
7.371869
7.848453
7.407611
7.737442
7.493421
7.949869
7.427939
7.354499
7.594647
7.514514
7.325612
7.320000
7.872701
7.036650
7.913932
7.278246
7.281465
7.981262
7.618030
7.771000
7.953197
7.659788
7.687333
7.042252
7.988035
7.688024
7.491716
7.889286
7.650970
7.119243
7.704848
7.455870
7.514809
7.233888
7.946797
7.473257
7.014821
7.871193
7.700000
7.557269
7.907103
7.864067
7.754729
7.514292
7.524136
7.735582
7.780000
7.518956
7.835597
7.397647
7.615310
7.699757
7.805292
7.921983
7.958299
7.750148
7.591505
7.920347
7.997142
7.623892
7.160860
7.821325
7.856578
7.089713
7.452791
7.450338
7.960000
7.066114
7.929938
7.650000
7.154632
7.899745
7.956227
7.321834
7.136987
7.056339
7.054555
7.145467
7.672450
7.948112
7.948400
7.900569
7.152203
7.875879
7.818682
7.980000
7.634728
7.580928
7.228842
7.496422
7.910072
7.485032
7.431966
7.409369
7.919422
7.382172
7.860000
7.432112
7.544100
7.444772
7.728171
7.015736
7.397048
7.890509
7.991701
7.627308
7.270825
7.456881
7.698543
7.805663
7.960000
7.555275
7.564770
7.542476
7.676805
7.712790
7.927116
43.513630
43.350567
8.902548
8.955384
8.355464
8.693074
8.832305
8.117627
8.669395
8.553141
8.967419
8.181622
8.392715
8.334590
8.602391
8.261292
8.611968
8.756266
8.471251
8.776153
8.614192
8.432152
8.973873
8.772185
8.348613
8.932227
8.140000
8.200757
8.426924
8.616233
8.525992
8.666995
8.729481
8.262568
8.472624
8.206911
8.741097
8.649474
8.842325
8.851725
8.070145
8.690907
8.356442
8.599380
8.354458
8.168828
8.609214
8.655179
8.901215
8.638889
8.989229
8.740715
8.620000
8.238304
8.467402
8.780018
8.685046
8.574225
8.709461
8.707393
8.895049
8.971356
8.284041
8.811222
8.913260
8.932222
8.042227
8.118435
8.164903
8.005175
8.836541
8.728321
8.627044
8.162413
8.149405
8.534188
8.725685
8.927578
8.749549
8.886589
8.215780
8.576262
8.120000
8.605008
8.558464
8.421273
8.487315
8.795590
8.074222
8.453882
8.381825
8.669001
8.901250
8.191257
8.903111
8.826540
8.913437
8.868327
8.347033
8.121519
8.982619
8.866291
8.303754
8.681154
8.657555
8.374521
8.561528
8.957276
8.505025
8.766252
8.597903
8.757143
8.084784
8.285316
8.764519
8.985688
8.844413
8.969497
8.986578
8.251988
8.358640
8.241658
8.879606
8.601102
8.215837
8.844933
8.089035
8.528038
8.586700
8.968383
8.944133
8.756002
8.277583
8.199743
8.317643
8.813051
8.700386
8.748886
8.378302
8.680882
8.222370
8.425897
8.794665
8.892728
8.240000
8.728825
8.363827
8.300283
8.636396
8.995891
8.389311
8.358179
8.836318
8.882951
8.748000
8.967573
8.576855
8.951104
8.484008
8.465727
8.248286
8.902483
8.984334
8.909163
8.139644
8.629820
8.141549
8.250152
8.831207
8.900000
8.693910
8.426340
8.804325
8.519605
8.687600
8.042547
8.248000
8.215080
8.633821
8.814837
8.847006
8.654556
8.890000
8.140000
8.512043
8.270372
8.743700
8.681914
8.673820
42.229767
9.679193
9.556192
9.162447
9.287110
9.687138
9.486455
9.552419
9.948350
9.595223
9.068268
9.962673
9.081221
9.511579
9.412746
9.158289
9.201943
9.893294
9.638054
9.559641
9.404078
9.370331
9.489693
9.178690
9.200000
9.887890
9.869146
9.074453
9.500000
9.527182
9.475466
9.086789
9.015013
9.331573
9.223001
9.116838
9.621259
9.021585
9.777644
9.768204
9.397906
9.425806
9.421661
9.026840
9.994269
9.234152
9.997680
9.708090
9.601721
9.803535
9.377316
9.578271
9.109282
9.683157
9.285991
9.543247
9.290032
9.075961
9.659381
9.839247
9.328519
9.302730
9.179172
9.514017
9.760800
9.866287
9.256627
9.915826
9.531284
9.763910
9.260000
9.694358
9.200000
9.383476
9.703519
9.210614
9.786768
9.017226
9.578191
9.861250
9.926682
9.498799
9.040000
9.469170
9.260000
9.882365
9.709266
9.960494
9.879544
9.721396
9.208493
9.785938
9.713191
9.927785
9.983971
9.302763
9.506836
9.468278
9.041009
9.818277
9.270318
9.104000
9.696259
9.552390
9.846901
9.376583
9.644249
9.168944
9.705655
9.905709
10.734859
10.430000
10.402995
10.974183
10.337484
10.589807
10.483092
10.570000
10.973722
10.407758
10.486886
10.336152
10.496385
10.735702
10.490000
10.658155
10.700000
10.458387
10.977187
10.170000
10.150091
10.542665
10.580000
10.325241
10.040000
10.091771
10.362020
10.548964
10.582482
10.004471
10.824811
10.288774
10.840000
10.414895
10.100000
10.035035
10.060000
10.389660
10.175238
10.107854
10.784053
10.560312
10.389277
10.943898
10.484984
10.162060
10.988809
10.520001
10.374504
10.531086
10.860000
10.645188
10.548930
10.633690
10.752394
10.167764
10.699932
10.200000
10.630000
10.529873
10.345907
10.753984
10.500101
10.749214
10.950333
10.014680
10.860000
10.645654
10.542320
10.240536
10.602653
10.251758
10.860179
10.690401
10.780400
10.513736
10.450000
10.964227
10.550423
10.620980
10.530000
10.856027
10.519045
10.904615
10.160000
10.556826
10.052520
10.894430
10.950000
10.172917
10.692886
10.201748
10.416129
10.371252
10.808681
10.244667
10.248015
11.968977
11.591516
11.419899
11.156331
11.268188
11.582782
11.862598
11.426631
11.050042
11.196151
11.883936
11.250360
11.367069
11.620000
11.076801
11.183680
11.800359
11.550039
11.333059
11.141418
11.657945
11.957259
11.504866
11.834435
11.935883
11.549701
11.200564
11.499919
11.749765
11.387261
11.911347
11.281983
11.331419
11.871286
11.768840
11.807564
11.470000
11.852367
11.073143
11.950000
11.877604
11.311110
11.882265
11.180615
11.966421
11.156182
11.612764
11.513631
11.727958
11.987974
11.838839
11.167361
11.141410
11.914906
11.704821
11.481983
11.562615
11.523505
11.642139
11.780000
11.339291
11.042409
11.300000
11.358116
11.444341
11.523353
11.670000
11.537489
11.760000
11.626049
11.020000
11.934614
11.664810
11.151520
11.614528
11.019571
11.061623
11.388391
11.678701
11.185854
11.819864
11.782316
11.142596
11.795622
11.932425
11.286876
11.734599
11.140353
11.061243
11.950000
11.497908
11.564051
12.102331
12.317911
12.544331
12.475396
12.686897
12.385739
12.696129
12.067336
12.934457
12.850000
12.681668
12.537833
12.757140
12.967249
12.134901
12.679555
12.502473
12.592881
12.131455
12.940871
12.648537
12.704955
12.476617
12.284512
12.941043
12.342710
12.759100
12.943956
12.935073
12.364678
12.928494
12.095678
12.151513
12.437394
12.523354
12.705996
12.759268
12.801645
12.991426
12.453864
12.917886
12.659684
12.781170
12.210000
12.141046
12.475256
12.677073
12.429478
12.645277
12.670000
12.997951
12.419104
12.642249
12.671635
12.031530
12.794593
12.311762
12.432906
12.941867
12.175893
12.504223
12.601193
12.108823
12.621099
12.327858
12.870000
12.335087
12.435943
12.982207
12.668331
12.094910
13.719223
13.728575
13.385932
13.350000
13.813179
13.473300
13.910110
13.000000
13.514118
13.078009
13.649862
13.296416
13.448305
13.300000
13.822145
13.770000
13.235593
13.746347
13.674035
13.112798
13.556458
13.620156
13.768132
13.081501
13.300000
13.786284
13.390000
13.719604
13.465761
13.718369
13.538727
13.840000
13.881102
13.270819
13.592211
13.021118
13.498749
13.872699
13.669995
13.540000
13.718328
13.388068
13.493240
13.726892
13.844155
13.058984
13.361592
13.316381
13.166442
13.576552
13.698761
13.143596
13.603768
13.617536
13.434787
13.395205
13.733480
13.247048
13.066462
13.156225
13.580542
13.786744
13.780000
13.307131
13.370000
13.760000
13.574023
13.740000
13.458036
13.931510
13.266273
13.739910
13.989895
13.280660
13.581380
13.607642
13.928802
13.876603
13.385480
13.144278
13.433195
13.688755
13.479028
13.441450
14.240195
14.330528
14.889300
14.845400
14.496429
14.325050
14.400808
14.355639
14.956251
14.190000
14.460013
14.819188
14.189253
14.044759
14.260000
14.723886
14.416520
14.338809
14.950949
14.807273
14.745665
14.394352
14.633077
14.130845
14.553257
14.153020
14.361142
14.576204
14.768462
14.430215
14.960000
14.016647
14.994393
14.609660
14.198407
14.552860
14.743610
14.813219
14.546574
14.660000
14.702156
14.485480
14.660000
14.778564
14.797907
14.441952
14.739303
14.720000
14.815318
14.045350
14.591087
14.104348
14.167138
14.260000
14.285761
14.925973
14.120566
14.105087
14.125431
14.036802
14.263298
14.055210
14.268017
14.159721
14.519608
14.449752
14.394593
14.330000
14.700144
14.985116
14.999065
14.612562
14.797196
14.960000
36.745430
36.461292
36.473484
36.412449
15.838593
15.445655
15.796557
15.998207
15.109174
15.453776
15.840493
15.656796
15.916507
15.856770
15.099559
15.050000
15.580853
15.432121
15.676564
15.683760
15.050000
15.955849
15.502469
15.892345
15.503758
15.089009
15.947624
15.110837
15.634574
15.285819
15.198606
15.758065
15.059883
15.296239
15.450075
15.092435
15.750000
15.890000
15.820000
15.733343
15.560523
15.900000
15.215581
15.939170
15.819956
15.656556
15.490000
15.858118
15.561621
15.908654
15.972209
15.945678
15.481402
15.674640
15.110000
15.979306
15.100000
15.330000
15.242873
15.280000
15.180000
15.202333
15.933355
15.739011
15.977540
15.979448
15.136754
15.879007
15.828374
15.229420
15.618067
15.842166
15.927314
15.327729
15.931982
15.239526
15.909349
15.793967
15.859531
15.556833
15.440000
15.231649
15.440000
15.893510
15.291305
15.814614
15.122417
15.175662
15.303267
15.869884
15.486689
15.550000
16.761690
16.780235
16.290001
16.751234
16.144247
16.161877
16.706999
16.000000
16.340063
16.961222
16.291714
16.275549
16.820601
16.373165
16.719999
16.094858
16.114241
16.289009
16.300270
16.601604
16.387098
16.981874
16.713480
16.520643
16.640614
16.613850
16.962023
16.579525
16.927980
16.665468
16.488857
16.193096
16.705418
16.982613
16.444742
16.938200
16.820000
16.943632
16.990000
16.651648
16.879999
16.475595
16.909575
16.555275
16.936632
16.719999
16.709999
16.998617
16.394283
16.027111
16.607462
16.875006
16.090000
16.626579
16.585258
16.839481
16.873852
16.209999
16.309921
16.489454
16.069202
16.704176
16.916988
16.809999
16.256725
16.312309
16.293438
16.900000
16.288975
16.854994
16.374203
16.813206
16.179907
16.315260
16.978220
16.864832
16.554996
16.959244
16.784485
16.958805
16.389999
16.580000
16.347788
16.954960
16.379999
16.292446
16.308990
16.471903
16.959946
16.921522
16.889498
16.592770
16.944809
16.330700
16.019630
16.957266
16.124073
16.785744
16.024687
16.690001
16.629999
16.614901
16.990715
16.065401
16.928913
16.229395
16.180000
16.889999
16.290001
16.220255
16.690083
16.891533
16.810337
16.123215
16.228884
16.942839
16.936375
16.306915
16.874397
16.819872
16.256037
16.910000
16.915796
16.889357
16.903383
16.914946
16.740000
16.721331
16.090000
16.854925
16.074377
16.830000
16.877548
16.799999
16.780752
16.730722
16.588587
16.696768
16.440439
16.766529
16.749458
16.680000
16.639999
16.875221
16.760000
16.580000
16.910000
16.950001
16.692772
16.742987
16.709999
16.820000
16.820000
16.920000
16.841682
16.889999
16.670395
16.638454
16.752604
16.593328
16.980000
16.602819
16.463022
16.670000
16.900000
16.264257
16.595755
16.780001
16.660000
16.855009
16.633730
16.509573
16.745134
16.545000
16.629381
16.820002
16.620001
16.608273
16.600758
16.930000
16.513355
16.393198
16.790129
16.590000
16.370430
16.044228
16.686333
16.482872
16.464159
16.610001
16.748880
16.629999
16.309999
17.670614
17.003447
17.178427
17.865726
17.976351
17.613331
17.515522
17.237734
17.829384
17.558254
17.133905
17.620001
17.013357
17.000000
17.675789
17.775045
17.136240
17.469002
17.924723
17.639999
17.571289
17.465639
17.000650
17.300079
17.173105
17.189392
17.065647
17.892546
17.035011
17.129999
17.052748
17.600933
17.267818
17.000000
17.838402
17.676466
17.346537
17.726625
17.510000
17.917046
17.490000
17.049999
17.028591
17.940001
17.490000
17.213299
17.213299
17.809027
17.870001
17.041910
17.209999
17.230000
17.514050
17.603762
17.925528
17.311522
17.414778
17.153431
17.886652
18.840000
18.012009
18.986788
18.884001
18.706842
18.980000
18.175158
18.981741
18.394060
18.605484
18.658209
18.438160
18.813616
18.330000
18.609459
18.493689
18.613878
18.800367
32.754002
19.827696
19.860001
19.300768
19.371031
19.490387
19.959482
19.819164
19.309999
19.309999
19.358236
19.019928
19.554415
19.516357
19.219999
19.200024
19.200016
19.250034
19.803413
19.940001
19.790001
19.490000
19.861465
20.158636
20.456907
20.809999
20.489378
20.780373
20.939575
20.429625
20.896000
21.694706
21.364187
21.209999
21.400000
21.400000
21.160011
21.693001
29.278000
29.490000
29.638798
22.682083
22.694551
22.059628
22.255407
22.962507
22.665827
22.237816
28.889999
28.889999
28.799999
28.141001
23.040001
23.040001
23.040001
23.040001
23.851187
27.666401
24.642504
24.220909
24.214972
24.440001
26.151960
26.920000
26.920000
26.920000
25.669903
25.879999
0.000000
0.000000
0.000000
0.000000
0.000000
0.000000
0.000000
0.000000
0.000000
0.000000
0.000000
0.000000
0.000000
0.000000
0.000000
0.000000
0.000000
0.000000
0.000000
0.000000
0.000000
0.000000
0.000000
0.000000
0.000000
0.000000
0.000000
0.000000
0.000000
0.000000
0.000000
0.000000
0.000000
0.000000
0.000000
0.000000
0.000000
0.000000
0.000000
0.000000
0.000000
0.000000
0.000000
0.000000
0.000000
0.000000
0.000000
0.000000
0.000000
0.000000
0.000000
0.000000
0.000000
0.000000
0.000000
0.000000
0.000000
0.000000
0.000000
0.000000
0.000000
0.000000
0.000000
0.000000
0.000000
0.000000
0.000000
0.000000
0.000000
0.000000
0.000000
0.000000
0.000000
0.000000
0.000000
0.000000
0.000000
0.000000
0.000000
0.000000
0.000000
0.000000
0.000000
0.000000
0.000000
0.000000
0.000000
0.000000
0.000000
0.000000
0.000000
0.000000
0.000000
0.000000
0.000000
0.000000
0.000000
0.000000
0.000000
0.000000
0.000000
0.000000
0.000000
0.000000
0.000000
0.000000
0.000000
0.000000
0.000000
0.000000
0.000000
0.000000
0.000000
0.000000
0.000000
0.000000
0.000000
0.000000
0.000000
0.000000
0.000000
0.000000
0.000000
0.000000
0.000000
0.000000
0.000000
0.000000
0.000000
0.000000
0.000000
0.000000
0.000000
0.000000
0.000000
0.000000
0.000000
0.000000
0.000000
0.000000
0.000000
0.000000
0.000000
0.000000
0.000000
0.000000
0.000000
0.000000
0.000000
0.000000
0.000000
0.000000
0.000000
0.000000
0.000000
0.000000
0.000000
0.000000
0.000000
0.000000
0.000000
0.000000
0.000000
0.000000
0.000000
0.000000
0.000000
0.000000
0.000000
0.000000
0.000000
0.000000
0.000000
0.000000
0.000000
0.000000
0.000000
0.000000
0.000000
0.000000
0.000000
0.000000
0.000000
0.000000
0.000000
3.249866
3.410000
4.050000
7.280306
8.850000
16.790001
0.000000
0.000000
0.000000
0.000000
0.000000
0.000000
0.000000
0.000000
0.000000
0.000000
0.000000
0.000000
0.000000
0.000000
0.000000
0.000000
2.773366
2.797306
2.977332
2.900000
2.852146
2.798990
2.920000
2.830000
2.642935
2.738560
3.172534
3.240000
3.372367
3.070000
3.858015
3.455565
3.540000
3.585903
3.056205
3.138542
3.386142
3.158788
3.061122
3.090000
3.900000
3.910700
3.250573
3.767878
3.562789
3.281188
3.010000
3.390000
4.699253
4.551726
4.955949
4.077418
4.226120
4.400000
4.461736
4.627758
4.654984
4.644007
4.485785
4.800000
4.573694
4.620000
4.340000
4.357277
4.995578
4.500000
4.250000
4.836293
4.739295
4.589735
4.046472
4.973455
4.340000
4.550000
4.255935
4.796288
5.168213
5.687469
5.112199
5.909915
5.150000
5.644281
5.473025
5.389264
5.859667
5.539682
5.226132
5.128094
5.461913
5.564125
5.450456
5.834071
5.590000
5.028018
5.160588
5.196993
5.631702
5.880000
5.365702
5.579858
5.500024
5.500000
5.118927
5.769686
5.360000
5.498105
5.089600
5.592956
5.982712
5.731255
5.162904
5.500000
5.290000
5.780324
5.450000
5.615475
5.184574
5.817219
5.825294
5.807227
5.170000
5.851463
6.467060
6.731855
6.407262
6.919868
6.739068
6.520768
6.966849
6.031389
6.975093
6.289050
6.862850
6.767464
6.884558
6.014575
6.935812
6.454647
6.126091
6.553683
6.882338
6.445995
6.725699
6.952984
6.713677
6.288391
6.353965
6.651109
6.847446
6.818399
6.983333
7.945468
7.040083
7.313623
7.916858
7.591382
7.120000
7.861382
7.265584
7.400447
7.710165
7.807897
7.304080
7.340000
7.211206
7.702014
7.610000
7.026340
7.873252
7.652262
7.815185
7.146227
7.169270
7.648572
7.473535
7.253741
7.650393
7.211521
7.844581
7.565406
7.635238
7.750545
7.950938
7.469208
7.830086
7.878274
8.972903
8.413530
8.962701
8.926470
8.637854
8.396627
8.537471
8.899193
8.313949
8.900000
8.683036
8.420176
8.947781
8.557233
8.108082
8.170000
8.570646
8.650000
8.625057
8.030000
8.487401
8.897613
8.760326
9.230000
9.984221
9.314572
9.512762
9.380000
9.880000
9.462115
9.821063
9.940000
9.644332
9.450000
9.180000
9.440000
9.030462
9.786982
9.911668
9.574616
9.126802
9.870000
9.270000
9.144999
9.687063
9.924097
9.572968
9.970031
9.495884
10.116858
10.249527
10.020000
10.000083
10.183223
10.130000
10.246529
10.176083
10.890000
11.786484
11.530000
11.379350
11.850913
11.890737
11.440000
11.480844
12.600000
12.607424
12.245461
12.890000
12.890000
12.938662
38.529999
13.528244
13.470745
13.925976
13.245019
13.807126
13.537927
13.213743
13.419027
14.440000
14.222322
14.000000
14.360000
14.338098
14.369397
15.657503
15.976578
15.131053
15.992251
16.811094
16.571449
16.978724
16.650000
16.628658
16.655792
16.834906
16.730976
16.267897
16.660164
16.900000
16.930000
16.620054
16.590412
16.950001
16.544790
16.400160
16.648016
16.596895
16.510008
16.646729
16.486570
16.559883
16.683037
16.740000
16.159441
16.910000
16.784569
16.809999
16.564997
17.896658
17.021418
17.740000
17.030001
17.350000
18.990000
18.990000
18.804455
18.679430
19.910000
19.701374
19.989021
22.703770
22.566389
22.959127
24.340000
24.077999
0.000000
0.000000
0.000000
0.000000
0.000000
0.000000
0.000000
0.000000
0.000000
0.000000
0.000000
0.000000
0.000000
0.000000
0.000000
0.000000
0.000000
0.000000
0.000000
0.000000
0.000000
0.000000
0.000000
0.000000
0.000000
0.000000
0.000000
0.000000
0.000000
0.000000
0.000000
0.000000
0.000000
0.000000
0.000000
0.000000
0.000000
0.000000
0.000000
0.000000
0.000000
0.000000
0.000000
0.000000
0.000000
0.000000
0.000000
0.000000
0.000000
0.000000
0.000000
0.000000
0.000000
0.000000
0.000000
0.000000
0.000000
0.000000
0.000000
0.000000
0.000000
0.000000
0.000000
0.000000
0.000000
0.000000
0.000000
0.000000
0.000000
0.000000
0.000000
0.000000
0.000000
0.000000
0.000000
0.000000
0.000000
0.000000
0.000000
0.000000
0.000000
0.000000
0.000000
0.000000
0.000000
0.000000
0.000000
0.000000
0.000000
0.000000
0.000000
0.000000
0.000000
0.000000
0.000000
0.000000
0.000000
0.000000
0.000000
0.000000
0.000000
0.000000
0.000000
0.000000
0.000000
0.000000
0.000000
0.000000
0.000000
0.000000
0.000000
0.000000
0.000000
0.000000
0.000000
0.000000
0.000000
0.000000
0.000000
0.000000
0.000000
0.000000
0.000000
0.000000
0.000000
0.000000
0.000000
0.000000
0.000000
0.000000
0.000000
0.000000
0.000000
0.000000
0.000000
0.000000
0.000000
0.000000
0.000000
0.000000
0.000000
0.000000
0.000000
0.000000
0.000000
0.000000
0.000000
0.000000
0.000000
0.000000
0.000000
0.000000
0.000000
0.000000
0.000000
0.000000
0.000000
