6.42
0.44
9.89
1.81
7.13
6.96
3.82
4.94
4.53
3.65
8.19
7.87
2.07
8.37
4.32
10.00
7.38
8.36
11.89
6.42
9.37
8.26
8.17
-0.53
3.28
-0.14
-0.59
0.21
3.10
1.90
8.05
7.03
22.66
22.39
20.55
29.75
25.24
27.11
-0.06
-0.76
-0.48
1.38
0.79
5.56
9.40
9.04
8.10
7.92
7.31
7.50
6.68
7.02
5.03
2.79
1.26
3.03
1.66
1.37
2.10
6.93
1.35
1.21
2.40
1.59
3.77
4.33
1.62
4.54
9.98
2.85
10.07
10.69
2.81
4.00
4.23
4.26
2.93
2.69
0.97
3.12
7.56
6.64
11.58
2.79
5.99
5.50
7.57
6.21
3.71
6.24
5.79
4.09
4.77
5.23
6.61
6.13
3.88
4.62
4.65
10.32
6.79
7.44
13.32
8.81
5.32
11.73
12.53
10.26
6.88
8.85
8.55
3.96
9.09
6.17
8.76
8.25
5.92
9.14
11.58
10.20
9.08
8.01
8.58
11.48
11.91
13.24
10.22
9.34
6.97
10.27
11.33
13.22
14.92
9.16
17.02
8.91
14.41
9.65
17.08
16.76
13.32
22.93
25.25
8.86
7.51
18.62
27.44
21.17
17.90
23.22
21.12
26.36
26.77
29.02
28.15
-0.32
1.56
-0.52
1.38
1.33
5.30
7.43
4.94
7.09
3.95
1.22
2.72
2.62
3.17
3.87
6.94
4.40
1.78
3.97
4.35
6.80
2.67
4.93
2.95
2.26
4.44
4.35
2.64
3.58
5.47
12.98
3.67
4.48
3.96
10.73
8.22
4.64
6.41
6.65
9.09
7.74
6.38
5.00
11.92
16.70
6.05
7.50
7.99
7.11
6.13
17.86
9.54
6.67
9.56
18.66
7.03
7.06
12.97
10.07
13.26
7.96
9.59
6.23
14.76
8.80
9.03
11.13
10.54
10.46
8.13
8.04
16.02
6.99
8.90
8.60
13.05
11.60
9.15
17.86
12.77
14.30
15.90
12.05
15.29
14.24
12.56
7.90
8.88
15.44
16.00
12.16
20.55
19.95
13.60
25.00
10.97
13.21
20.21
16.21
15.59
15.00
16.39
16.02
8.70
17.01
16.00
10.93
21.45
12.90
11.46
16.25
15.43
13.45
17.56
19.59
19.34
19.78
17.50
16.18
10.25
5.53
20.16
17.06
13.63
19.08
19.21
6.49
5.88
17.13
12.48
10.31
21.05
13.46
22.40
17.04
19.50
19.75
10.23
20.42
20.99
14.35
22.55
16.93
13.73
14.36
23.92
21.18
11.32
20.04
12.79
16.00
13.15
23.22
21.44
20.50
28.01
27.30
19.51
28.04
24.86
21.87
28.24
24.71
23.23
30.52
-0.28
6.11
1.23
2.25
3.28
4.77
3.66
1.66
2.42
0.93
0.06
-0.75
3.91
2.20
-0.46
-0.02
5.79
3.95
4.27
3.14
3.45
3.46
3.47
4.91
7.69
5.88
6.00
2.51
7.49
7.18
8.46
8.79
3.90
5.36
4.76
6.05
4.35
4.96
19.39
2.43
20.15
6.57
14.76
5.46
12.36
12.89
10.58
11.18
9.61
9.29
17.61
12.09
8.55
10.39
18.86
16.95
17.38
15.70
15.54
3.97
20.51
16.09
10.30
14.48
10.24
18.75
9.12
11.44
18.29
12.76
6.62
16.07
20.79
18.46
3.41
16.84
18.28
19.54
19.75
13.90
16.59
16.72
17.52
15.16
11.48
13.06
19.34
18.45
15.85
14.68
21.81
16.46
25.24
16.68
19.80
11.94
19.29
23.05
13.96
11.39
17.08
17.69
19.20
19.20
17.85
27.05
16.91
19.21
17.77
21.68
18.93
17.80
14.81
15.54
15.02
17.34
24.33
19.90
22.13
12.59
25.08
9.71
21.04
20.31
13.12
23.20
18.06
17.41
14.73
11.98
12.97
11.61
15.37
19.62
20.13
19.96
17.10
20.00
13.22
15.60
18.46
5.92
16.70
19.14
18.41
9.40
11.14
16.72
20.15
24.84
20.68
29.20
13.58
17.54
16.05
16.85
17.86
20.96
17.63
20.50
19.61
20.25
20.94
21.05
20.83
18.31
19.93
19.97
21.07
19.85
16.72
21.10
12.42
23.01
19.33
17.71
20.99
23.67
16.47
20.30
20.71
7.39
4.45
16.30
22.83
18.87
21.94
20.20
25.78
20.99
20.66
20.62
19.69
18.58
22.32
22.31
22.25
20.33
22.78
19.92
24.55
22.57
19.45
22.74
19.56
19.62
19.45
18.85
23.35
20.17
25.65
22.83
20.52
17.87
19.30
22.00
21.11
18.19
20.60
19.93
14.68
22.58
10.33
21.07
21.85
18.71
23.06
7.04
21.24
23.96
19.09
16.47
12.76
12.65
30.17
20.48
21.81
5.38
17.74
15.90
22.85
22.12
32.36
21.95
20.70
6.02
2.16
5.09
2.20
-0.29
-0.47
8.10
-0.04
-0.03
19.14
6.52
-0.15
-0.04
-0.25
-0.56
0.26
1.35
0.79
3.18
3.67
10.94
3.32
3.71
11.92
3.87
4.67
3.55
18.19
4.01
2.29
18.63
2.91
3.21
5.21
6.52
4.68
7.91
24.46
22.32
5.83
5.55
6.61
5.66
16.77
8.00
17.68
8.65
12.43
9.12
6.81
10.44
12.40
9.93
13.73
20.85
8.51
10.62
6.25
7.74
5.01
16.77
3.92
9.70
8.57
6.35
7.08
13.53
21.23
8.33
13.06
14.93
17.00
10.68
13.94
14.67
10.43
15.21
12.30
16.16
18.58
21.07
12.45
16.19
20.11
12.45
15.93
23.35
18.06
16.86
14.25
13.00
21.16
21.63
25.53
12.67
26.16
17.46
11.31
11.26
18.74
17.60
23.78
15.34
19.92
17.43
11.32
16.19
4.21
14.85
23.04
24.01
21.52
21.73
14.86
9.94
17.70
13.61
8.43
6.57
6.38
8.31
15.46
13.90
11.66
14.51
16.39
16.80
21.67
20.85
17.66
23.05
15.22
19.71
18.21
19.92
20.02
17.08
20.40
18.78
15.75
18.64
20.99
19.13
19.01
13.41
20.18
21.08
17.03
18.83
8.87
21.13
22.53
23.15
21.68
20.80
21.07
24.91
18.11
24.77
21.84
23.67
21.64
21.20
18.55
20.63
10.07
17.30
21.73
14.34
12.79
18.65
22.05
23.50
17.42
19.75
23.67
22.28
20.03
18.60
18.52
17.29
21.94
20.24
25.11
23.37
11.57
21.64
21.39
15.46
27.14
19.79
23.14
17.79
18.66
10.63
21.07
12.93
26.18
19.78
21.56
23.56
22.57
19.10
8.05
21.04
22.65
17.55
17.72
18.19
20.09
24.19
21.30
11.04
19.73
22.97
21.33
23.13
21.16
20.63
20.66
19.56
22.37
23.35
22.00
25.41
15.95
23.41
20.18
29.18
20.36
16.97
24.35
22.27
26.42
23.28
20.54
22.11
22.96
20.61
19.45
24.25
29.77
20.17
21.15
22.31
23.22
23.04
22.26
22.47
21.59
27.36
22.46
16.34
21.64
19.76
21.88
21.49
21.54
19.01
20.58
22.62
21.26
23.50
21.36
19.91
20.54
19.52
22.33
21.68
16.60
26.06
21.59
15.35
24.17
22.12
19.05
20.02
25.30
23.21
26.61
21.68
20.58
18.54
13.71
21.41
20.43
23.38
28.22
21.58
25.62
20.80
25.15
24.49
20.23
22.74
24.24
29.64
8.14
20.76
25.23
15.98
24.80
20.87
22.90
27.81
26.91
20.57
20.96
18.47
22.45
15.79
20.41
13.92
27.68
24.77
23.56
19.92
21.80
21.41
20.04
7.68
11.78
20.58
24.53
24.70
20.95
23.39
24.47
21.06
18.27
27.73
14.54
29.44
19.05
20.02
13.83
32.87
25.71
24.78
26.37
26.67
15.42
25.18
31.12
28.64
18.11
30.05
20.77
26.73
34.43
22.20
28.44
14.89
13.89
27.47
28.16
15.53
29.69
27.85
23.28
21.45
20.72
19.80
21.04
23.00
14.71
20.73
24.91
22.44
23.69
25.78
22.72
32.12
27.78
21.69
27.76
31.49
26.01
30.98
20.05
29.82
27.97
24.60
24.99
23.47
23.16
26.83
23.22
24.72
17.09
31.24
27.33
23.29
23.13
32.05
14.38
31.09
30.58
30.83
27.28
23.62
31.64
25.02
15.87
1.43
3.62
-0.29
3.21
3.59
3.55
2.98
9.06
4.49
7.58
2.36
5.40
4.63
4.18
13.90
8.48
6.05
10.66
15.05
10.51
6.54
5.90
13.14
11.52
11.15
24.95
19.91
21.29
13.89
17.95
17.44
21.52
18.64
17.32
14.19
23.69
9.56
9.99
22.77
23.31
17.82
7.78
20.76
15.60
20.16
27.80
14.03
24.12
18.93
21.10
19.62
15.55
23.21
19.53
8.43
14.14
21.19
20.33
16.72
11.64
14.70
6.93
22.05
9.43
16.45
20.39
21.97
16.24
13.33
22.42
16.20
14.30
22.51
24.49
21.39
23.92
10.10
23.95
16.07
21.00
16.45
13.73
24.99
23.27
22.47
15.32
18.91
25.03
23.23
21.85
21.93
26.15
20.48
16.07
20.56
23.30
20.47
14.80
18.95
19.83
26.76
17.58
22.99
18.60
28.61
17.08
25.00
19.98
19.25
24.85
15.90
19.98
20.11
24.75
24.13
21.21
21.64
25.93
23.28
20.10
22.79
24.18
18.49
21.42
22.33
21.20
22.44
21.15
22.32
22.60
19.28
20.95
22.32
20.14
22.07
26.41
22.83
22.56
22.50
28.70
29.52
20.61
20.13
29.30
20.91
20.22
21.92
22.65
21.54
22.25
26.74
21.79
24.50
28.52
21.40
23.40
21.29
18.47
23.07
19.11
23.83
23.67
20.18
17.78
20.27
21.82
21.34
22.90
23.73
20.84
18.52
21.47
23.13
20.19
22.39
25.38
23.28
18.03
17.72
20.00
20.24
23.83
18.33
20.85
20.96
7.13
24.35
22.69
18.28
25.30
21.54
29.09
20.30
22.65
27.25
24.57
20.70
20.59
20.33
22.09
23.65
23.71
19.50
18.34
23.09
23.64
20.02
24.64
24.32
21.07
18.92
20.42
21.65
20.54
29.43
24.22
25.12
24.79
19.31
24.65
21.41
22.50
20.17
24.51
24.34
23.39
25.04
20.40
20.13
32.68
22.82
22.90
22.72
30.53
21.25
19.77
24.06
23.09
23.16
21.22
20.84
23.70
21.63
24.41
23.11
26.72
25.09
18.67
28.61
17.95
21.34
21.26
26.36
22.19
20.91
20.89
23.11
26.96
23.42
23.86
24.62
26.86
21.25
33.27
24.26
16.96
24.46
24.14
10.06
27.38
21.99
24.34
23.73
22.99
23.31
25.79
28.56
19.33
27.52
28.10
20.79
23.24
23.24
14.39
22.13
18.52
25.71
24.25
23.94
26.09
15.96
28.40
26.38
23.26
23.47
28.03
19.74
23.60
14.13
10.13
23.12
19.40
23.82
25.69
21.18
21.22
21.84
24.28
24.09
27.31
23.70
16.06
21.09
19.84
23.34
21.17
22.48
28.88
21.78
25.93
23.73
30.29
25.41
22.32
32.85
20.88
23.70
29.17
22.95
21.75
23.89
21.33
19.76
26.47
23.88
24.84
25.69
26.54
24.20
23.27
28.22
27.84
21.47
9.57
24.86
7.82
29.95
25.35
30.95
31.79
23.26
32.15
24.98
21.88
25.89
26.17
23.93
24.89
22.40
26.67
24.12
20.32
25.02
26.36
32.49
28.65
25.78
30.43
26.57
22.51
24.94
14.29
28.24
32.11
24.94
25.17
32.72
9.30
22.73
2.61
7.13
0.81
-0.06
-0.71
-0.05
5.26
3.01
-0.14
2.09
1.14
1.25
8.29
6.59
14.04
5.88
4.69
6.23
12.34
13.37
9.14
13.72
13.83
14.36
16.64
10.25
12.02
12.42
9.05
17.77
9.28
9.74
22.80
11.76
12.32
10.27
18.55
18.92
9.71
9.33
18.65
10.87
16.69
12.56
16.74
16.61
17.14
5.07
13.18
12.25
13.31
14.35
17.51
9.40
13.93
12.16
14.94
19.86
9.52
26.67
20.44
14.59
16.14
17.62
21.12
16.58
13.70
6.64
28.61
19.11
12.50
18.92
17.69
19.09
19.72
18.97
21.34
18.98
11.25
19.30
18.44
12.01
10.06
9.59
21.36
19.70
20.19
22.59
8.86
19.87
15.56
13.31
22.66
12.50
19.85
18.15
21.55
9.13
21.62
10.19
15.03
28.68
16.05
19.06
15.56
15.82
19.64
17.19
21.67
23.41
20.20
19.79
19.37
12.74
20.00
22.89
16.10
17.18
22.59
15.37
22.65
20.85
21.38
22.73
21.32
22.83
17.55
20.55
13.35
19.85
21.34
16.24
21.46
21.49
9.40
19.88
7.77
16.97
23.89
13.53
20.03
20.12
21.43
23.55
22.96
22.25
20.06
17.63
24.11
21.63
18.45
18.85
16.52
13.92
21.54
17.67
24.85
18.61
20.92
20.38
19.34
20.39
19.02
20.40
20.23
14.86
20.64
21.50
22.13
21.88
20.82
20.41
17.22
14.86
16.65
24.24
14.97
20.15
21.73
19.62
22.24
20.84
14.86
21.74
21.91
7.55
14.58
19.19
21.74
15.58
11.32
22.56
21.38
21.99
22.89
23.80
21.47
19.76
21.21
11.97
25.25
18.96
21.73
16.19
17.96
22.98
21.42
18.03
19.99
20.01
15.31
23.77
21.22
21.24
19.36
20.67
20.87
18.47
16.13
18.17
22.77
20.76
22.04
16.88
22.08
21.05
19.44
21.50
19.66
21.54
21.52
20.51
22.54
18.52
26.62
27.13
17.72
19.76
21.66
23.22
25.59
26.13
24.81
14.42
18.11
22.70
22.45
24.31
26.61
23.35
21.28
31.08
22.52
20.52
25.55
27.18
23.32
23.37
26.06
22.19
9.65
21.01
29.99
29.88
25.18
20.85
33.42
6.39
-0.37
-0.04
1.83
3.57
0.08
-0.26
0.32
0.60
0.95
0.32
0.38
0.99
0.05
2.65
0.45
1.05
2.26
-0.50
0.21
0.14
0.26
1.07
1.34
2.18
6.66
0.22
0.71
3.38
11.07
5.01
3.58
4.91
5.01
6.81
4.99
4.95
8.35
13.35
21.63
4.41
6.02
10.15
5.44
5.21
6.80
9.59
14.33
6.60
2.26
6.91
11.98
7.83
11.55
9.28
2.18
13.02
17.60
10.61
8.29
10.22
7.07
12.51
9.28
8.78
12.05
10.99
5.12
13.56
10.08
7.98
3.33
11.10
13.42
14.72
8.32
10.32
10.73
14.94
3.74
9.96
17.02
13.10
13.65
10.72
11.83
9.01
22.06
14.51
8.15
8.85
16.61
17.52
19.43
21.01
7.61
12.70
11.50
11.23
12.98
12.63
18.92
11.04
12.20
11.02
9.80
22.48
12.79
9.24
9.05
12.12
13.10
15.59
18.54
15.22
10.43
20.01
17.44
13.14
22.24
15.09
16.25
18.92
16.18
20.04
19.45
16.91
11.97
15.99
14.04
16.58
15.59
17.37
19.09
17.07
10.37
20.40
9.91
10.65
13.82
10.52
20.78
14.17
20.41
16.18
17.80
20.40
19.40
18.33
20.44
17.92
15.96
21.30
12.74
16.54
19.43
15.85
29.58
17.20
15.57
16.21
13.55
21.85
20.37
15.54
13.43
19.94
20.51
17.73
20.24
12.39
18.21
20.00
24.80
12.58
17.78
19.71
13.36
18.87
16.33
15.29
17.47
11.71
15.48
18.09
19.03
20.70
22.36
25.22
20.66
19.83
23.10
23.05
20.33
18.60
16.17
17.14
23.33
23.08
28.81
27.10
26.97
12.24
25.28
25.08
23.09
26.86
1.27
4.65
1.89
6.25
0.96
0.74
-0.82
1.44
0.46
1.44
-0.01
1.16
0.45
-0.17
0.22
0.20
0.26
-0.01
1.06
-0.39
0.63
3.62
-0.25
0.28
5.48
2.43
13.06
5.57
4.04
5.12
10.01
7.70
13.36
4.89
17.67
6.96
12.30
9.45
4.27
5.70
6.23
8.13
7.97
18.00
7.81
9.27
8.80
8.23
10.38
11.12
11.89
11.27
11.05
7.77
15.01
9.47
16.64
9.40
7.40
10.86
12.79
12.03
8.36
10.10
9.95
12.59
13.21
9.14
6.70
9.85
5.64
13.62
8.17
11.71
8.18
10.88
16.69
11.59
10.92
19.64
12.64
13.10
11.12
10.13
14.04
16.26
5.58
10.66
10.07
5.37
4.93
15.77
10.10
9.13
11.38
11.01
12.84
9.99
9.80
7.40
7.46
15.23
16.00
11.85
7.72
10.53
8.81
11.50
12.83
8.53
13.74
9.17
6.84
14.28
12.53
10.44
13.98
6.35
9.43
10.60
11.37
14.93
12.87
14.61
14.61
14.89
11.87
9.86
14.69
12.28
14.24
6.21
14.67
14.61
9.54
18.25
8.14
17.78
10.45
14.77
9.81
8.11
12.58
6.45
14.46
17.54
9.96
4.19
15.28
7.08
11.02
10.75
12.41
15.07
8.20
11.84
13.76
15.70
15.91
10.23
10.56
12.17
12.83
12.89
12.19
13.31
13.00
7.87
19.74
17.29
12.42
4.20
11.29
8.97
14.19
14.91
17.38
11.26
14.69
5.83
8.31
19.70
21.31
17.03
12.27
9.65
10.80
17.58
19.32
16.08
17.89
11.80
8.79
13.25
12.17
14.34
21.69
12.87
23.05
16.14
16.26
17.04
16.97
23.66
21.55
23.99
22.79
17.64
19.47
11.55
15.13
19.30
22.48
14.22
19.99
18.83
23.95
25.63
7.57
25.17
19.71
10.04
19.05
29.66
1.53
2.86
3.38
3.64
2.38
-0.42
1.34
-0.18
-0.01
3.28
-0.19
0.41
-0.15
-0.27
1.88
8.39
7.07
12.53
7.28
2.43
6.77
11.34
7.73
2.86
6.48
8.95
10.59
9.76
7.94
12.27
8.26
8.01
11.64
8.63
16.14
9.67
10.38
8.34
14.86
8.25
10.13
8.10
8.02
11.43
7.95
10.80
7.91
13.66
12.39
17.50
11.51
6.67
12.44
6.97
20.75
16.38
19.62
24.34
14.30
20.45
24.60
23.14
25.27
21.97
20.20
27.08
0.16
0.04
0.63
-0.40
5.01
20.77
1.41
0.56
1.29
10.79
6.94
1.69
11.00
10.01
5.30
5.84
3.74
8.41
8.79
15.34
24.21
15.54
10.26
19.62
-0.30
2.31
2.49
1.85
9.35
2.20
3.06
5.52
7.52
1.74
9.98
10.72
5.54
22.36
5.17
7.36
12.09
6.75
9.66
9.63
11.64
12.56
11.24
24.42
25.77
23.75
24.28
32.91
19.25
31.71
-0.42
0.93
2.67
0.08
0.25
0.55
0.76
5.80
8.45
2.10
2.31
4.51
7.22
3.61
8.19
6.74
5.02
2.83
8.76
9.19
8.03
13.88
8.19
11.15
18.33
7.58
8.00
7.80
6.84
10.69
11.07
10.22
16.07
10.68
19.56
13.88
20.08
13.14
17.87
17.48
17.88
20.40
13.51
27.00
25.09
19.61
12.48
10.16
25.15
19.78
20.76
15.91
14.17
19.79
24.37
13.74
14.02
21.11
18.76
14.45
18.46
19.72
16.54
21.25
24.13
20.27
26.95
26.28
27.99
23.80
21.44
28.41
12.25
14.16
11.08
8.21
19.63
23.25
25.34
18.20
15.33
22.38
23.46
21.08
28.92
19.81
12.06
20.35
28.02
23.67
11.60
25.11
26.09
27.49
24.52
1.63
2.94
0.90
0.08
3.13
4.38
3.19
11.82
7.63
0.96
5.94
6.17
5.46
4.86
5.67
6.13
5.69
8.14
4.73
3.58
7.20
8.89
6.60
6.84
5.06
6.45
14.69
4.07
25.75
4.92
20.61
7.91
8.62
7.00
6.17
9.19
7.30
11.01
4.97
14.57
11.91
6.42
7.38
9.35
13.18
18.12
8.70
14.69
10.59
12.27
13.15
8.10
10.02
21.46
18.76
15.15
15.75
12.14
10.32
18.53
10.25
22.85
10.24
17.89
24.53
23.08
13.01
13.20
4.36
22.81
19.89
18.79
24.51
14.24
15.12
17.79
19.88
20.87
15.79
16.69
10.11
12.35
25.44
31.25
21.71
22.37
8.30
26.41
22.45
23.28
20.34
18.89
25.35
21.50
12.40
11.61
21.51
17.38
29.16
26.82
24.91
11.19
24.29
18.86
22.43
23.01
23.78
13.51
16.93
11.61
14.69
11.06
26.07
16.68
12.49
24.87
22.90
32.33
18.82
3.63
13.43
3.83
9.26
12.63
3.36
5.92
6.99
2.30
3.75
8.34
5.00
4.85
14.23
13.21
6.19
19.67
6.43
11.72
7.24
18.11
5.58
4.78
16.10
12.10
9.75
4.73
6.29
5.49
6.04
12.33
7.28
6.76
6.69
13.66
6.27
7.03
7.06
5.48
7.70
7.18
7.82
13.02
10.65
10.56
5.37
5.32
15.18
10.84
12.18
4.32
5.21
19.48
9.51
8.60
7.01
19.20
12.13
15.75
18.12
16.23
19.11
17.93
16.66
22.85
16.08
11.54
20.37
9.98
16.51
16.39
14.83
17.43
23.64
18.36
17.12
16.34
27.15
19.92
15.63
14.57
22.35
22.30
16.65
14.47
18.47
21.31
21.71
24.91
22.06
19.56
21.33
18.38
22.80
22.97
20.67
17.51
15.11
22.12
29.77
17.80
23.85
27.38
18.96
25.95
21.36
16.18
15.19
14.61
24.37
26.27
0.41
5.44
0.51
2.67
2.60
9.36
5.82
22.35
1.99
1.37
4.49
3.99
3.04
3.90
4.40
4.81
4.54
1.82
4.53
4.79
19.27
3.59
4.66
2.52
6.65
4.07
2.02
7.35
1.04
9.18
4.64
9.53
6.53
5.99
7.12
13.24
8.61
10.29
11.34
14.48
5.27
5.45
6.42
7.33
12.24
12.40
7.29
7.01
9.85
20.37
11.70
7.32
19.48
8.82
22.09
16.59
16.94
9.44
20.86
11.73
17.24
20.32
16.73
16.46
18.85
16.49
16.71
17.18
15.92
15.49
11.70
24.00
14.07
17.64
19.90
12.50
22.56
11.77
16.10
21.51
20.51
21.09
18.10
22.10
18.81
10.04
24.34
25.95
21.32
29.32
26.82
24.08
25.15
27.10
-0.17
0.03
0.07
0.68
-0.53
0.11
0.52
1.00
0.97
1.28
-0.13
-0.51
1.68
2.78
9.09
11.03
4.61
4.25
9.12
3.84
2.71
5.44
6.71
1.30
6.78
8.00
5.72
4.55
8.13
2.98
5.72
2.21
8.36
8.80
10.55
2.43
8.79
4.90
3.18
3.53
6.55
1.76
3.96
7.79
5.40
4.06
2.30
4.00
7.40
10.41
2.50
4.94
5.67
6.90
7.68
6.27
6.58
3.81
6.85
8.72
4.90
15.93
10.02
4.16
5.87
6.25
7.75
9.13
4.60
5.43
9.02
9.26
7.79
4.56
7.12
8.95
8.55
7.53
11.08
8.51
6.21
6.68
9.93
16.62
11.72
4.83
9.06
6.95
4.65
11.38
13.05
12.69
11.83
2.64
9.92
11.45
11.03
13.81
10.15
11.22
14.20
14.47
15.02
12.57
15.34
16.74
16.96
14.30
16.40
18.11
10.09
13.59
12.46
4.84
22.31
12.36
14.66
16.22
18.77
14.63
16.04
25.11
13.01
15.17
1.94
20.23
11.33
19.98
16.51
16.73
15.72
16.70
16.60
14.02
17.62
16.61
13.69
21.99
12.73
13.30
20.42
11.08
16.66
17.54
17.04
11.47
14.44
22.22
24.17
19.99
19.18
19.53
7.03
11.03
17.30
21.86
21.94
21.02
20.01
14.53
19.01
15.58
6.95
19.99
17.77
8.84
24.63
22.05
17.28
27.53
20.92
23.91
14.51
18.17
0.17
0.07
0.11
-0.24
0.76
0.31
-0.12
-0.10
-0.01
0.22
-0.48
-0.78
0.57
-0.09
0.38
1.05
0.81
-0.48
-0.10
-0.45
3.84
21.75
6.93
3.43
1.53
13.16
3.49
8.71
4.24
2.11
4.51
3.87
8.58
5.54
1.60
6.39
5.45
6.39
10.91
3.36
4.96
4.25
9.26
5.23
16.20
4.71
6.26
2.95
4.39
7.98
7.93
3.60
6.26
9.10
5.27
6.55
6.85
7.10
11.00
11.47
9.92
3.72
5.70
9.10
10.55
9.52
8.21
12.03
9.52
12.20
13.98
9.10
7.72
13.25
10.25
5.57
8.70
12.60
9.99
9.96
6.43
8.68
10.59
9.59
12.57
7.17
9.93
17.27
4.83
7.36
4.78
11.53
11.67
6.00
7.89
13.57
10.38
17.05
15.42
11.64
10.99
12.71
14.67
8.36
19.38
21.25
11.87
11.09
11.28
11.35
28.80
15.54
18.93
13.65
21.44
22.88
21.08
21.37
20.54
11.05
28.66
19.07
18.83
16.55
11.96
15.44
16.71
21.81
20.96
19.51
17.69
24.32
-0.25
3.60
-0.02
-0.14
-0.50
0.89
-0.40
1.71
5.69
2.51
3.73
-0.05
5.09
5.22
6.87
8.82
4.79
7.40
4.69
5.27
9.71
5.67
5.69
7.90
6.20
6.13
4.70
6.80
4.94
7.40
6.28
4.99
5.96
7.49
5.01
3.68
8.78
6.36
7.25
8.29
7.49
5.05
9.96
6.90
9.15
9.68
5.10
10.31
13.11
9.44
22.46
-0.06
0.84
1.31
0.14
1.40
1.43
0.70
0.41
1.55
0.44
-0.35
-0.30
1.46
3.03
