16.54
0.00
2.36
3.23
4.98
4.05
4.24
4.64
4.86
4.86
5.07
5.34
6.74
8.51
8.57
8.48
9.44
9.96
9.06
10.43
10.87
11.40
12.20
0.00
0.00
0.00
0.00
0.00
2.38
5.04
6.86
8.06
17.49
20.38
24.04
25.94
25.94
32.03
0.00
0.00
0.00
0.00
0.00
2.48
2.79
2.59
2.97
2.24
2.83
2.38
2.75
2.89
2.57
3.55
3.40
3.15
3.87
3.66
3.57
3.76
3.41
3.65
3.71
3.54
3.57
3.53
3.66
3.58
4.09
4.06
4.05
4.36
4.64
4.48
4.12
4.08
4.05
4.19
4.01
4.65
4.88
4.98
4.18
4.28
5.55
5.55
5.16
5.24
5.28
5.77
5.85
5.84
5.75
5.86
5.64
5.69
5.10
6.24
6.61
6.98
6.76
6.48
6.72
6.69
6.65
7.49
7.55
7.17
7.49
7.10
7.86
7.59
7.95
7.84
8.30
8.39
8.65
8.68
8.69
8.65
8.25
8.19
8.98
8.63
8.82
9.76
9.72
9.06
9.79
9.34
10.85
10.02
11.33
11.41
11.45
12.27
12.03
12.40
13.43
13.26
14.55
14.33
15.47
15.20
19.51
21.67
24.40
25.50
27.74
30.73
34.77
37.31
42.64
51.53
54.74
0.00
0.00
0.00
0.00
0.00
2.99
2.57
2.81
2.82
3.26
3.48
3.71
3.70
3.86
3.70
3.62
3.33
3.53
3.60
3.81
3.78
3.62
3.47
4.06
4.06
4.71
4.03
4.86
4.46
4.82
4.26
4.55
4.65
4.10
4.85
5.76
5.52
5.80
5.68
5.92
6.27
6.19
6.29
6.98
6.54
6.59
6.86
6.72
6.49
6.14
7.47
7.64
7.13
7.75
7.29
7.44
7.97
7.17
7.36
7.80
7.87
8.19
8.48
8.92
8.25
8.23
8.26
8.21
9.93
9.00
9.34
9.69
9.26
9.22
9.31
9.40
9.19
9.94
9.82
9.76
10.97
10.01
10.14
10.57
10.82
11.45
11.74
11.71
11.04
11.70
12.53
12.46
12.46
12.81
12.34
12.15
12.14
12.44
12.05
13.87
13.92
13.05
13.90
13.33
13.66
13.64
13.61
14.51
14.29
14.24
14.19
14.98
14.02
14.89
14.25
16.00
15.52
15.91
15.22
15.02
15.28
15.15
15.01
16.60
16.91
16.96
16.19
16.64
17.78
17.17
17.45
17.80
17.11
17.97
17.11
18.46
18.58
18.28
18.80
18.83
20.00
19.42
19.46
19.34
19.79
19.61
19.67
20.15
22.93
24.56
24.80
26.15
26.83
27.59
27.88
30.97
31.40
38.21
38.24
40.16
40.16
45.98
45.78
58.06
52.32
0.00
0.00
0.00
0.00
0.00
0.00
0.00
0.00
0.00
0.00
0.00
0.00
0.00
0.00
0.00
0.00
2.91
2.67
2.89
2.80
2.92
2.67
2.77
2.77
2.94
2.86
2.57
3.33
3.54
3.87
3.42
3.26
4.52
4.28
4.78
4.76
4.35
4.50
5.05
5.07
6.06
6.04
7.65
7.42
7.56
8.46
8.80
8.81
8.29
8.61
8.10
8.11
9.54
9.62
9.83
9.80
9.69
10.16
10.46
10.94
10.58
10.12
10.68
10.70
11.50
11.66
11.11
11.35
12.20
12.44
12.21
12.80
12.06
12.20
12.81
12.99
12.96
12.37
13.34
13.02
13.13
13.12
13.48
13.89
13.68
13.86
13.56
13.83
13.58
14.42
14.24
14.74
14.70
14.97
14.50
14.96
14.87
14.27
14.35
14.56
14.99
14.04
14.47
14.06
14.61
14.12
14.90
15.18
15.44
15.88
15.45
15.78
15.31
15.04
15.72
15.76
15.16
15.93
15.99
15.13
15.76
16.15
16.81
16.71
16.30
16.97
16.83
16.02
16.59
16.19
16.45
16.35
16.84
16.34
17.86
17.97
17.34
17.91
17.96
17.86
17.89
17.00
17.48
17.35
17.06
17.11
17.64
18.08
18.63
18.83
18.27
18.75
18.77
18.87
18.66
18.60
19.52
19.90
19.85
19.18
19.65
19.60
19.74
19.08
19.69
19.25
19.72
19.24
20.78
20.96
20.69
20.93
20.01
20.98
20.68
20.61
20.74
20.89
20.49
20.75
20.00
20.44
20.44
20.15
20.94
20.94
21.16
21.52
21.52
21.54
21.24
21.34
21.97
21.33
21.12
21.66
21.97
21.84
21.07
22.40
22.57
22.10
22.88
22.71
22.71
22.36
22.04
22.46
22.72
22.08
22.66
22.32
22.30
22.62
22.93
22.01
22.22
22.18
23.01
23.96
23.20
23.03
24.41
24.18
24.03
24.73
24.84
24.17
24.29
25.10
25.03
26.16
26.82
26.44
27.17
27.63
27.15
28.45
28.71
28.96
28.14
28.77
29.69
33.03
64.20
0.00
0.00
0.00
0.00
0.00
0.00
0.00
0.00
0.00
0.00
0.00
0.00
0.00
0.00
0.00
0.00
0.00
0.00
2.99
2.56
2.91
2.54
2.93
2.72
3.56
3.31
3.97
3.60
3.92
3.75
3.43
4.01
4.59
4.72
4.24
4.87
4.14
4.09
5.60
5.37
5.06
6.84
6.14
6.56
6.82
6.76
6.89
6.47
6.67
6.54
6.78
7.00
7.06
7.12
7.56
7.85
7.84
7.32
7.44
7.52
7.39
8.73
8.58
9.90
10.96
10.16
10.14
10.04
10.71
10.02
10.58
11.83
11.69
11.31
11.69
11.41
11.37
11.91
11.54
12.89
12.92
12.74
12.80
12.91
12.78
12.70
13.14
13.22
13.06
13.76
13.76
13.43
13.05
13.63
13.37
13.56
13.35
14.41
14.54
14.07
14.51
14.50
14.71
14.64
14.89
14.45
14.83
14.33
15.02
15.48
15.47
15.43
15.03
15.09
15.24
15.97
15.48
16.00
15.23
15.34
15.83
15.24
15.64
16.56
17.00
16.43
16.99
16.05
16.96
16.75
16.13
16.39
17.28
17.87
17.51
17.89
17.02
17.24
17.60
17.18
17.78
17.76
17.46
17.56
17.24
17.25
17.89
17.67
17.56
17.80
18.58
18.69
18.73
18.28
18.74
18.51
18.59
18.33
18.10
18.57
18.69
18.89
18.84
18.83
18.52
18.38
18.73
18.85
18.90
19.23
19.12
19.42
19.14
19.20
19.50
19.27
19.18
19.56
19.69
19.93
19.84
19.42
19.35
19.76
19.56
19.80
20.60
20.74
20.85
20.70
20.70
20.84
20.49
20.14
20.17
20.89
20.46
20.31
20.21
20.90
20.17
20.71
20.06
20.18
20.44
20.83
20.80
20.70
20.45
20.08
20.29
20.62
20.08
20.77
21.14
21.54
21.63
21.88
21.02
21.13
21.32
21.24
21.23
21.36
21.94
21.89
21.05
21.75
21.70
21.33
21.15
21.98
21.19
21.65
22.17
22.81
22.55
22.82
22.67
22.58
22.77
22.59
22.28
22.47
22.50
22.24
22.85
22.63
22.29
22.88
22.50
22.94
22.12
22.92
22.36
22.44
22.18
22.12
22.36
22.69
23.92
23.52
23.65
23.61
23.92
23.19
23.17
23.01
23.28
23.27
23.20
23.28
23.54
23.94
23.60
23.74
23.39
24.66
24.34
24.30
24.61
24.46
24.44
24.17
24.25
24.06
24.73
24.87
24.01
24.43
24.96
24.69
24.07
24.39
24.25
24.82
24.48
24.77
24.89
24.29
25.90
25.47
25.46
25.87
25.90
25.95
25.43
25.39
25.05
25.17
25.25
25.81
25.10
25.13
25.21
25.68
25.44
25.94
25.18
25.52
26.57
26.89
26.92
26.69
26.66
26.49
26.27
26.03
26.18
26.30
26.03
27.88
27.38
27.17
27.94
27.22
27.93
28.31
28.58
28.92
28.74
28.60
28.36
28.66
28.08
28.16
29.93
29.66
29.88
29.85
30.51
30.08
30.52
30.26
31.24
31.23
31.54
31.57
31.45
31.94
32.11
32.50
32.43
32.46
32.95
32.21
32.84
32.79
33.37
33.96
33.88
33.68
33.98
33.90
33.59
34.69
34.02
34.26
34.37
35.60
36.95
36.94
37.59
37.08
37.51
38.07
38.42
38.20
41.20
41.08
42.51
43.49
44.70
45.73
47.71
47.92
70.59
65.07
58.57
51.19
59.67
71.81
50.96
50.57
0.00
0.00
0.00
2.71
2.86
2.84
2.95
2.57
3.80
3.79
5.94
5.17
7.66
7.68
8.47
8.59
9.09
9.24
9.19
9.77
10.51
10.53
11.21
11.28
11.30
11.75
12.86
12.94
12.71
12.87
12.55
12.36
13.63
13.41
13.33
13.33
13.48
14.69
14.05
14.82
14.03
14.46
15.60
15.27
15.32
15.47
15.22
15.35
15.98
15.51
15.21
15.84
15.22
16.80
16.70
16.53
16.43
16.35
16.82
16.91
16.94
16.41
16.18
16.14
16.59
16.70
16.88
16.02
17.68
17.00
17.92
18.00
17.46
17.22
17.69
17.64
17.23
17.15
17.88
17.34
17.82
18.29
18.11
18.72
18.08
18.37
18.93
18.91
18.27
18.32
18.19
18.55
18.93
18.06
18.93
18.34
18.59
19.13
19.81
19.44
19.06
19.18
19.70
19.91
19.65
19.39
19.66
19.16
19.68
19.90
19.03
19.16
19.56
20.99
20.95
20.23
20.31
20.17
20.53
20.63
20.99
20.86
20.66
20.02
20.54
20.77
20.76
20.71
20.66
21.42
21.80
21.95
21.03
21.59
21.28
21.79
21.58
21.59
21.16
21.34
21.89
21.69
21.85
21.20
21.53
21.94
21.08
21.89
21.61
21.51
21.66
21.94
21.76
21.27
22.57
22.84
22.69
22.58
22.88
22.85
22.48
22.75
22.82
22.34
22.47
22.04
22.63
22.83
22.92
22.89
22.95
22.89
22.89
22.62
23.89
23.13
23.49
23.09
23.47
23.62
23.68
23.73
23.89
23.39
23.49
23.34
23.60
23.71
23.99
23.84
23.62
23.78
23.34
23.67
23.37
23.42
23.80
23.67
23.61
23.64
23.05
23.80
23.53
23.57
23.64
23.33
23.15
23.88
23.35
23.46
24.08
24.90
24.40
24.46
24.80
24.37
24.86
24.06
24.96
24.14
24.83
24.18
24.79
24.91
24.94
24.21
24.70
24.07
24.19
24.49
24.99
24.74
24.13
24.53
24.52
24.06
24.48
24.31
24.06
24.85
24.51
24.17
24.78
24.97
24.16
25.25
25.60
25.04
25.34
25.23
25.75
25.02
25.79
25.28
25.72
25.53
25.80
25.33
25.56
25.18
25.20
25.63
25.91
25.53
25.59
25.68
25.85
25.27
25.13
25.37
25.68
25.65
25.32
25.25
25.25
26.93
26.52
26.49
26.43
26.72
26.00
26.73
26.39
26.02
26.08
26.92
26.74
26.87
26.31
26.84
26.64
26.81
26.76
26.96
26.75
26.92
26.27
26.51
26.99
27.57
27.85
27.97
27.06
27.98
27.25
27.37
27.91
27.50
27.89
27.36
27.88
27.01
27.08
27.93
27.61
28.38
28.53
28.47
28.77
28.79
28.32
28.09
28.90
28.39
28.16
28.32
28.88
28.06
29.89
29.60
29.49
29.87
29.93
29.76
29.02
29.36
30.72
30.81
30.22
30.81
30.42
30.47
31.62
31.49
31.21
31.89
31.91
31.31
31.64
31.54
32.06
32.52
32.46
33.86
33.39
33.71
33.24
35.42
35.93
37.73
38.48
39.29
40.06
40.97
41.27
42.75
42.48
43.96
44.58
45.89
46.20
48.18
63.29
66.48
62.97
57.05
86.58
56.36
50.39
0.00
0.00
0.00
0.00
0.00
0.00
0.00
0.00
0.00
0.00
0.00
0.00
4.00
4.12
4.50
6.71
7.44
8.79
8.90
8.91
8.49
9.89
9.73
9.76
10.89
10.40
10.48
10.25
10.24
10.36
10.48
10.84
10.81
11.10
11.35
11.42
11.40
11.45
11.91
11.14
12.50
12.39
12.46
12.51
12.90
13.36
13.87
13.62
13.05
13.37
13.13
13.75
13.54
13.58
14.73
14.74
14.58
14.16
14.79
14.77
14.94
14.51
14.55
14.38
14.15
15.75
15.59
15.69
15.46
15.76
15.64
15.35
15.42
16.79
16.82
16.65
16.73
16.25
16.57
16.93
16.99
16.89
16.72
16.86
17.73
17.94
17.57
17.73
17.84
17.42
17.83
17.05
17.98
17.01
17.63
17.30
17.83
18.28
18.21
18.19
18.41
18.01
18.07
18.91
18.16
18.63
18.11
18.47
18.63
19.90
19.69
19.24
19.59
19.57
19.97
19.98
19.15
19.92
19.55
19.56
19.06
19.43
19.06
19.74
19.92
19.13
19.95
19.94
19.90
19.85
20.95
20.18
20.50
20.62
20.67
20.84
20.64
20.85
20.12
20.51
20.54
20.38
20.42
20.32
20.76
20.86
20.13
20.03
20.45
20.39
20.90
20.56
20.43
20.03
20.57
20.34
20.54
21.73
21.37
21.92
21.44
21.51
21.81
21.20
21.51
21.26
21.98
21.00
21.88
21.97
21.70
21.66
21.88
21.58
21.91
21.80
21.82
21.27
21.55
21.60
22.88
22.72
22.08
22.76
22.71
22.50
22.04
22.60
22.45
22.81
22.29
22.83
22.74
22.50
22.36
22.95
22.61
22.82
22.77
22.48
22.84
22.92
23.19
23.18
23.02
23.66
23.90
23.71
23.20
23.96
23.77
23.99
23.09
23.19
23.46
23.00
23.68
23.12
23.39
24.83
24.28
24.51
24.26
24.09
24.85
24.44
24.49
25.52
25.34
25.80
25.42
25.08
25.11
25.17
25.75
25.56
25.24
26.52
26.15
26.14
26.27
26.87
27.17
27.48
27.98
27.28
27.33
28.56
28.03
28.63
28.85
28.60
28.57
28.28
28.85
29.52
30.51
31.13
32.86
36.02
37.12
40.21
40.21
42.88
44.28
133.41
98.43
0.00
0.00
0.00
0.00
0.00
0.00
0.00
0.00
0.00
0.00
0.00
0.00
0.00
0.00
0.00
0.00
0.00
0.00
0.00
0.00
0.00
0.00
0.00
0.00
0.00
0.00
0.00
0.00
2.42
4.76
4.46
4.13
5.00
4.79
4.15
4.77
5.81
5.12
5.98
5.86
5.46
5.35
6.30
6.76
6.50
6.58
7.60
7.90
7.38
8.62
8.79
8.42
8.98
8.10
8.24
8.49
8.43
8.50
9.08
9.13
9.20
9.14
9.41
9.98
9.47
9.58
9.29
10.42
10.19
10.32
10.61
10.23
10.47
10.64
10.77
10.56
10.83
10.13
10.94
11.31
11.80
11.34
11.24
11.85
11.44
11.56
11.14
11.89
11.31
11.25
11.18
12.27
12.48
12.22
12.63
12.54
12.82
12.35
12.63
12.21
12.31
12.04
13.23
13.38
13.09
13.62
13.74
13.94
13.56
13.40
13.06
13.09
13.73
13.35
14.10
14.71
14.76
14.55
14.77
14.81
14.07
14.17
14.39
14.57
14.74
14.08
14.43
14.10
14.59
14.46
14.34
14.66
14.88
14.02
15.17
15.61
15.81
15.52
15.56
15.10
16.62
16.18
16.63
16.60
16.64
16.96
16.34
16.70
16.30
16.94
16.30
17.86
17.97
17.44
17.03
17.09
17.75
17.88
17.54
17.48
17.84
17.51
17.59
17.67
17.49
17.82
17.99
17.59
18.69
18.82
18.14
18.54
18.29
18.10
18.48
19.94
19.07
19.72
19.47
19.43
19.88
20.92
20.74
20.42
20.68
20.64
20.36
20.95
21.80
21.84
21.45
25.32
25.27
29.55
29.61
30.91
32.38
33.06
33.20
34.04
34.96
36.35
38.30
44.40
44.40
46.97
53.76
0.00
0.00
0.00
0.00
0.00
0.00
0.00
0.00
0.00
0.00
0.00
0.00
0.00
0.00
0.00
0.00
0.00
0.00
0.00
0.00
0.00
0.00
0.00
0.00
2.93
2.43
2.37
2.98
2.34
3.58
3.00
4.69
4.85
5.66
5.39
5.74
5.74
5.30
5.22
5.55
5.48
5.73
6.35
6.99
6.93
6.90
6.90
7.29
7.72
7.77
7.42
7.70
8.00
7.29
7.37
7.71
8.84
8.14
8.76
8.02
8.98
8.95
8.27
8.52
8.12
8.56
8.02
8.65
8.15
8.02
8.85
8.67
8.26
8.16
8.49
8.45
8.82
8.75
8.75
9.97
9.53
9.25
9.90
9.34
9.28
9.98
9.59
9.88
9.20
9.71
9.42
9.16
9.14
9.66
9.18
9.50
9.93
9.45
9.31
9.41
9.94
9.78
9.35
9.05
9.83
9.74
10.21
10.89
10.11
10.03
10.83
10.31
10.05
10.18
10.10
10.55
10.44
10.99
10.77
10.19
10.79
10.48
10.59
10.79
10.06
11.38
11.90
11.50
11.85
11.16
11.25
11.25
11.06
11.34
11.55
11.15
11.28
11.84
12.56
12.82
12.27
12.90
12.68
12.79
12.52
12.02
12.77
12.24
12.42
12.04
12.39
12.15
12.29
12.44
12.33
12.45
12.96
12.00
12.33
12.78
12.09
13.40
13.71
13.24
13.94
13.05
13.25
13.93
13.93
13.00
13.87
13.16
13.79
14.96
14.60
14.68
14.78
14.72
14.94
14.49
14.83
14.45
14.18
14.83
14.40
15.75
16.02
16.36
16.17
16.39
16.12
17.30
17.59
17.05
17.29
18.08
19.95
19.69
19.23
23.98
24.82
24.89
24.01
25.96
25.39
25.96
25.96
25.01
25.18
26.40
26.98
26.95
26.41
28.82
28.39
29.25
29.88
30.46
30.05
32.67
33.38
33.49
34.16
149.49
0.00
0.00
0.00
0.00
0.00
0.00
0.00
0.00
0.00
0.00
0.00
0.00
0.00
0.00
0.00
4.96
4.70
5.87
5.16
5.06
5.63
6.55
6.52
6.50
7.10
7.67
7.39
8.33
8.20
8.21
8.50
8.25
9.03
9.29
9.28
9.59
9.42
10.38
10.82
10.53
10.80
10.54
11.38
11.80
11.99
11.77
11.31
12.57
12.71
12.55
13.92
13.49
13.54
14.12
16.56
16.98
16.25
16.38
17.17
23.02
26.79
28.53
28.82
35.71
38.33
43.80
0.00
0.00
0.00
0.00
0.00
0.00
0.00
0.00
0.00
10.54
2.99
2.49
5.90
5.95
6.58
6.65
6.07
7.98
8.80
11.75
11.06
12.16
13.16
16.17
0.00
2.95
3.68
3.69
3.32
3.41
3.49
4.93
4.29
4.60
4.95
4.13
4.97
5.76
6.59
6.19
6.30
7.15
8.81
9.35
14.53
16.29
19.85
19.48
30.47
32.74
33.97
34.22
34.05
34.62
0.00
0.00
0.00
0.00
0.00
0.00
0.00
2.60
2.88
2.14
3.73
3.23
3.73
3.13
4.38
4.83
4.40
4.04
5.53
5.98
6.91
6.32
6.40
6.79
6.66
7.14
7.91
7.31
8.13
8.33
9.29
9.05
9.25
10.84
10.95
11.42
12.82
13.40
13.28
13.39
13.29
14.51
15.76
15.62
16.99
16.82
16.65
16.91
16.01
16.73
17.07
17.43
17.40
17.91
18.71
18.74
19.00
19.92
20.35
20.34
20.50
26.77
27.23
28.27
29.26
30.98
30.35
32.97
34.00
33.79
33.72
33.93
33.81
33.97
33.62
33.68
33.39
33.80
33.57
33.54
34.34
34.97
34.04
34.06
34.74
34.57
34.24
34.93
35.40
36.26
36.69
39.07
54.90
55.00
54.90
0.00
0.00
0.00
0.00
0.00
0.00
0.00
2.60
2.83
2.90
2.76
2.21
2.93
2.56
2.49
2.85
2.04
2.72
3.97
3.66
4.96
4.53
5.44
5.82
5.74
5.83
6.54
6.81
7.12
7.57
7.70
7.24
7.26
7.30
7.57
8.32
8.31
8.17
8.56
8.25
8.37
8.40
8.37
8.49
8.26
9.56
9.40
10.17
11.28
11.33
11.53
11.75
12.49
12.42
12.45
13.96
13.52
13.60
14.54
15.00
15.44
15.75
15.88
16.62
16.66
16.77
16.95
16.81
16.71
17.61
17.77
17.93
17.01
17.93
17.67
18.33
18.54
18.65
18.06
19.26
19.55
19.85
20.22
20.30
21.40
21.69
21.65
22.08
22.67
22.02
22.47
24.85
26.00
26.34
26.77
26.61
27.24
27.50
28.66
28.86
29.99
29.74
30.21
30.47
30.78
30.81
31.18
31.44
32.92
33.96
33.91
33.89
33.86
34.41
34.28
34.88
59.73
59.17
0.00
2.94
2.32
2.96
2.65
2.98
3.18
3.13
3.24
3.77
3.36
3.32
4.84
4.86
4.55
4.84
4.23
5.34
5.46
5.93
5.50
5.89
5.62
5.10
6.03
6.90
6.93
6.54
6.88
6.56
6.88
6.98
6.47
6.76
6.38
7.21
7.34
7.03
7.38
7.00
7.63
8.49
8.90
8.51
8.08
8.44
8.34
8.49
9.20
9.70
9.06
10.10
10.25
10.07
10.61
10.04
11.12
11.70
11.31
11.34
12.24
12.46
13.13
14.00
13.69
13.10
14.15
14.35
14.02
14.39
14.18
15.18
15.66
15.64
15.92
15.99
15.83
15.27
17.02
18.95
18.32
18.37
18.64
18.85
18.64
19.20
19.11
19.83
20.04
20.83
20.96
21.46
22.22
22.52
23.01
24.20
24.01
25.79
26.96
28.47
29.37
30.90
30.89
30.96
30.21
31.06
31.10
32.12
33.33
34.59
34.33
35.76
0.00
0.00
0.00
0.00
0.00
3.00
2.82
2.66
2.97
2.74
3.15
3.86
3.59
3.26
3.37
3.56
3.49
3.56
3.76
4.64
4.76
4.54
4.31
4.00
4.48
4.14
4.55
5.90
5.25
5.85
5.76
6.31
6.17
6.68
6.22
6.90
6.95
6.27
7.72
7.00
7.78
7.64
8.32
8.25
8.04
9.19
9.03
9.41
9.51
10.97
10.16
10.53
10.79
10.13
10.19
11.79
11.70
11.48
12.53
12.02
12.25
12.84
13.57
14.03
14.70
14.86
14.94
14.87
15.25
16.01
16.57
17.94
17.44
17.97
17.71
18.01
18.71
19.58
19.15
20.20
20.05
20.72
21.58
23.94
24.56
26.49
26.48
27.17
27.03
29.73
31.53
39.17
44.74
57.99
0.00
0.00
0.00
0.00
0.00
0.00
0.00
0.00
0.00
0.00
0.00
0.00
0.00
0.00
2.39
2.88
2.69
2.98
2.27
2.74
2.93
2.90
2.43
2.96
2.77
2.97
2.93
2.99
2.96
2.49
2.87
3.71
3.39
3.46
3.20
3.89
3.25
3.57
3.99
3.50
3.94
3.59
3.62
3.29
3.50
3.69
4.20
4.91
4.72
4.92
4.66
4.98
4.83
4.12
4.43
4.17
4.07
4.24
4.81
4.82
4.43
4.80
4.77
4.79
4.88
4.53
4.63
5.64
5.55
5.20
5.60
5.76
5.34
5.80
5.54
5.98
5.91
5.40
6.32
6.71
6.40
7.72
7.28
7.62
7.50
7.08
7.89
7.02
8.41
8.42
8.30
8.65
9.00
9.78
9.00
9.14
9.84
9.56
9.82
10.32
10.37
10.05
10.97
10.29
10.57
11.56
11.77
11.80
11.67
12.96
12.99
12.98
12.69
12.48
12.79
12.53
12.19
12.26
13.27
13.73
13.96
13.73
13.29
13.09
13.87
13.71
13.91
13.68
13.49
13.05
14.03
14.60
14.09
14.93
15.41
15.35
15.81
15.90
15.20
15.64
15.51
15.47
15.10
15.06
15.43
15.12
15.31
15.44
16.16
16.35
16.93
16.43
17.18
17.17
17.24
17.06
17.92
18.33
18.00
18.06
20.27
20.70
20.48
22.55
24.60
25.04
26.29
27.06
28.29
28.89
29.87
30.95
33.43
34.12
0.00
0.00
0.00
0.00
0.00
0.00
0.00
0.00
0.00
0.00
0.00
0.00
0.00
0.00
0.00
0.00
0.00
0.00
0.00
0.00
3.00
2.58
2.92
2.99
2.54
2.77
3.27
3.95
3.37
3.29
3.38
4.05
4.79
4.46
4.18
4.70
4.72
4.11
4.85
4.44
4.79
5.33
5.17
5.48
5.62
5.24
5.01
5.65
5.53
5.01
5.97
5.81
6.99
6.59
6.03
6.21
6.10
6.38
6.89
6.72
6.81
6.87
7.30
7.81
7.85
7.97
7.59
7.06
7.83
7.70
7.91
7.30
7.99
7.58
7.98
7.76
7.68
8.75
8.32
8.86
8.16
8.78
8.22
8.82
8.02
8.50
9.42
9.88
9.05
9.00
9.45
9.68
10.81
10.56
10.53
10.86
10.39
10.56
10.67
11.18
11.51
12.46
12.71
12.18
12.63
13.39
13.36
13.25
13.50
13.51
13.19
14.07
14.07
15.42
15.49
17.29
18.44
18.92
22.87
23.20
23.47
26.16
26.82
26.06
28.35
28.49
29.51
31.79
31.33
38.62
45.69
90.98
0.00
0.00
0.00
0.00
0.00
0.00
0.00
0.00
0.00
0.00
0.00
0.00
3.60
3.84
3.80
4.47
4.14
4.84
4.41
4.83
5.79
5.51
5.31
5.33
5.36
5.72
5.61
5.64
5.34
5.59
5.07
5.27
6.31
6.64
6.57
6.34
6.21
6.10
7.74
7.25
7.90
7.97
8.88
8.74
9.74
9.52
10.04
12.08
15.77
25.83
33.05
0.00
0.00
0.00
0.00
0.00
0.00
0.00
0.00
0.00
0.00
0.00
0.00
0.00
0.00
