2.893635
2.619350
2.792049
2.850000
2.872515
2.959814
2.984817
2.497589
3.040000
3.658342
3.230000
3.252328
3.172425
3.946145
4.612981
4.091078
0.000000
0.000000
2.606396
2.998286
2.212370
2.467399
2.880000
2.620000
2.470000
2.370000
2.829589
3.885894
3.924367
3.009933
3.652727
3.556940
3.958754
3.362883
3.180645
3.813549
3.804667
4.110001
4.809908
5.522616
5.281517
5.631905
5.035207
5.996776
5.034475
6.266388
6.769582
6.671545
6.662416
6.609266
6.569932
7.321147
7.221708
7.410865
8.267853
8.053639
8.156123
8.230354
9.446002
9.023801
9.516341
10.513272
10.484515
10.684444
10.626371
11.410761
11.769409
11.485576
11.314320
12.533353
13.748929
13.504181
13.578880
14.101870
14.157709
16.565104
16.409124
17.638433
0.000000
0.000000
0.000000
0.000000
0.000000
0.000000
0.000000
2.745613
2.817851
2.654366
2.968555
2.620000
2.750000
2.964624
2.932288
2.350000
2.985034
3.380000
3.823610
3.753470
3.494045
3.569719
3.957010
3.906847
3.123128
3.060000
3.140938
3.487439
3.830000
4.404576
4.068931
4.796124
4.643674
4.333549
4.807483
4.167581
4.379984
4.874227
4.277127
5.573383
5.378681
5.869022
5.084803
5.815822
5.296785
5.845890
5.853971
5.906829
6.732798
6.466391
6.253742
6.241688
6.056078
6.681318
6.241055
6.457384
7.282001
7.237598
7.487291
7.536886
7.550938
7.301944
7.199131
7.309477
7.018950
7.939965
8.416461
8.842721
8.654846
8.566291
8.809071
9.637657
9.762239
9.470034
9.141522
9.139383
9.886928
9.115363
9.286444
9.199264
9.896057
9.828966
10.032527
10.255621
10.088881
10.993381
10.223089
10.656116
10.097307
10.213963
10.991611
10.061437
10.528794
10.432673
11.991028
11.871454
11.871525
11.347967
11.901521
11.693498
11.725486
11.917038
11.745444
11.737238
12.728009
12.905786
12.819777
12.295104
12.399183
12.814480
12.581419
12.799811
12.000566
12.667963
12.583637
13.955147
13.429072
13.123896
13.480527
13.467890
13.099128
13.988035
13.110748
13.930307
13.413576
13.873360
13.673615
13.652162
13.748436
13.373553
13.733489
13.771566
14.448508
14.841790
14.711014
14.497863
14.344122
14.818554
14.587592
14.451813
14.660033
14.026198
14.803899
14.595664
15.966281
15.497486
15.649136
15.263882
15.748399
15.352165
15.483325
15.311325
16.617897
16.516924
16.908865
16.395645
16.166348
16.537519
16.655304
17.544477
17.510620
17.548859
17.044825
17.118008
18.819984
18.685205
18.370882
18.384916
19.279139
19.673000
20.462152
20.343559
20.219494
21.146767
21.637714
23.317247
26.680000
26.500000
27.791536
27.015823
28.295042
28.947145
29.334778
29.542114
31.475044
31.882708
32.812546
32.105694
32.290092
34.688652
35.772785
36.923512
36.246693
39.732708
0.000000
0.000000
0.000000
0.000000
0.000000
0.000000
0.000000
0.000000
0.000000
0.000000
0.000000
0.000000
0.000000
0.000000
0.000000
0.000000
0.000000
0.000000
0.000000
0.000000
2.877766
2.928270
2.462394
2.890107
2.760475
2.935802
2.720000
2.496625
2.746948
2.831683
2.690721
2.839648
2.760000
2.870000
3.816064
3.297132
3.885427
3.512087
3.454978
3.370000
3.641178
3.602575
3.384228
3.116336
4.998743
4.868272
4.195894
4.815289
4.586711
4.896869
4.354773
4.902546
4.728463
4.943181
5.419969
5.144281
5.653876
5.748488
5.802514
5.317046
5.767332
6.375037
6.276939
6.786321
6.364013
6.655763
6.606318
6.542995
6.943799
7.302423
7.585665
7.708248
7.984201
7.291825
7.218785
7.231276
7.226978
8.869495
8.675829
8.402031
8.990647
8.271467
8.923939
8.100476
8.199256
8.903392
8.532387
8.580812
8.571330
8.044114
8.567484
8.086251
8.373814
8.655289
8.188161
8.418281
9.504838
9.927888
9.110967
9.467261
9.855596
9.914763
9.358891
9.328841
9.664763
9.499486
9.487003
9.012559
9.544897
9.370049
9.091897
9.805049
9.333454
9.313644
9.842912
9.163591
9.880545
9.336934
9.311676
9.808593
9.415041
10.890786
10.324468
10.897248
10.236964
10.991985
10.082884
10.790911
10.326998
10.774358
10.063437
10.547510
10.102677
10.528462
10.918441
10.604716
10.836759
10.092210
10.329581
10.807101
10.081078
10.579150
10.551697
10.289715
10.554045
10.691019
10.899870
10.685711
10.703897
10.121284
10.936988
10.982150
10.986499
10.217534
10.031689
10.116359
10.717716
10.955013
10.329298
11.241479
11.566832
11.435263
11.689274
11.191204
11.110154
11.632393
11.425712
11.933734
11.659906
11.719270
11.442339
11.632815
11.546800
11.176796
11.552361
11.733077
11.745183
11.347724
11.535231
11.890736
11.588847
11.566899
11.456262
11.632886
11.425411
11.210665
11.725065
11.473967
11.681190
11.416512
11.007936
11.628782
11.639772
12.950673
12.872435
12.277072
12.232655
12.737823
12.101094
12.413440
12.776734
12.991215
12.900360
12.988725
12.921698
12.909839
12.493117
12.883156
12.673830
12.591432
12.263242
12.824635
12.468272
12.908456
12.655229
12.078888
12.734671
12.532801
12.341300
12.383515
12.600871
12.458571
12.655131
12.537491
12.462617
12.126038
12.571791
12.958919
12.913484
12.063387
13.774776
13.073917
13.421957
13.365528
13.519934
13.073731
13.894696
13.042044
13.925992
13.218207
13.217010
13.582075
13.251937
13.158104
13.080261
13.859011
13.204901
13.014703
13.110255
13.804034
13.987065
13.612117
13.156417
13.931343
13.419779
13.968287
13.204552
13.763136
14.667030
14.935092
14.873977
14.390207
14.787928
14.909871
14.746805
14.756679
14.157187
14.931495
14.552424
14.846443
14.100864
14.502559
14.342297
14.745347
14.096878
14.403613
14.025957
14.756138
14.196163
14.964308
14.663466
14.056056
14.603625
14.445547
14.641630
14.193802
14.920561
14.445063
14.826097
14.501302
14.564382
14.399292
14.430818
14.003708
14.511713
15.930177
15.359164
15.580276
15.530087
15.779773
15.078348
15.651288
15.386276
15.595207
15.446803
15.729751
15.142129
15.811476
15.599195
15.440527
15.495559
15.727568
15.987032
15.731045
15.059370
15.957633
15.293758
15.505130
15.832234
15.590640
15.352266
15.584299
15.108397
15.901728
15.707188
15.818552
15.567340
15.401925
15.866040
16.173027
16.939545
16.793354
16.564751
16.985441
16.954468
16.930483
16.880281
16.490786
16.604033
16.535860
16.541082
16.399067
16.119310
16.540268
16.197365
16.811983
16.970493
16.641642
16.248028
16.217916
16.312723
16.737165
16.513031
16.182533
16.046783
16.071325
16.856047
16.792982
16.747253
17.143082
17.534624
17.399506
17.515881
17.054985
17.266962
17.900383
17.291437
17.217611
17.165560
17.619936
17.971205
17.416456
17.517426
17.755602
17.663673
17.465769
17.403418
17.765486
17.069624
17.768209
17.918026
17.392540
18.206985
18.514431
18.705887
18.794773
18.350674
18.671047
18.823318
18.466589
18.866436
18.354326
18.189697
18.346004
18.418516
18.814503
18.500282
18.318401
18.573536
18.254042
18.566555
18.642748
18.388823
18.007202
18.657801
18.042551
19.595306
19.732849
19.092583
19.040186
19.307228
19.033842
19.159138
19.730917
19.104822
19.635469
19.902014
19.424910
19.965668
19.415195
19.741453
20.988792
20.796618
20.881704
20.602274
20.890493
20.263100
20.142399
20.621204
20.265734
20.001575
20.703852
20.058874
20.943283
20.966101
20.294468
20.476034
20.782061
20.026583
20.752842
20.296482
20.227304
20.614491
20.606583
20.607422
20.068939
21.844770
21.019573
21.227722
21.608704
21.039642
21.230553
21.055540
21.176624
21.060328
21.733000
21.254539
21.155338
21.316170
21.657272
21.263050
21.431702
21.593491
21.626797
21.276371
21.188658
21.599709
21.568203
22.474422
22.988110
22.979271
22.074516
22.926971
22.744801
22.534014
22.492489
22.635254
22.060974
22.419531
22.446964
22.442822
22.675074
22.411896
22.747812
22.495174
22.013035
23.331005
23.742121
23.534428
23.820843
23.784775
23.359283
23.700153
23.342962
23.155397
23.788424
23.532347
23.941814
23.479473
23.946928
23.056063
23.447275
23.365368
23.213623
23.654623
23.061237
23.050360
23.925741
24.443460
24.431393
24.777241
24.240437
24.200804
24.379423
24.037968
24.145609
24.468271
24.980198
24.990562
24.709839
24.871073
24.122787
24.326820
24.178394
24.521067
25.401093
25.679735
25.086622
25.396381
25.818748
25.185940
25.962502
25.822823
25.716618
25.174219
25.521460
26.009365
26.721470
26.513861
26.348768
26.540228
26.661446
26.449375
26.301907
26.262619
26.316792
26.680889
26.823996
27.769392
27.156687
27.795090
27.796190
27.348627
27.446178
27.020723
27.926394
27.321552
27.566502
28.602573
28.027885
28.230104
28.031145
28.958538
28.164589
28.485586
28.181286
28.421461
28.178679
28.396996
29.763006
29.616222
29.026129
29.434662
29.341103
29.243670
29.490675
29.859205
29.344408
29.261036
30.842035
30.423664
30.635164
30.280672
30.576492
30.307999
30.299999
30.237598
31.613586
31.766502
31.007982
32.920868
32.267509
33.753407
33.700134
34.102867
35.232590
36.637920
37.889408
37.401974
45.157497
85.668953
56.922638
51.526817
0.000000
0.000000
0.000000
0.000000
0.000000
0.000000
0.000000
0.000000
0.000000
0.000000
0.000000
0.000000
0.000000
0.000000
0.000000
0.000000
0.000000
0.000000
0.000000
0.000000
0.000000
0.000000
0.000000
0.000000
0.000000
0.000000
0.000000
0.000000
0.000000
2.673047
2.985551
2.788699
3.843858
3.999531
3.178844
3.639309
3.998351
3.866841
3.499892
3.966105
3.715992
3.989527
3.706543
3.710695
4.399657
4.956962
4.803222
4.677271
4.577569
4.418180
4.952374
4.377013
5.950280
5.679935
5.247253
5.916845
5.518266
5.085408
5.571467
5.439033
5.018051
5.969570
5.834597
5.575981
5.344722
5.296157
5.623562
5.719408
5.353094
5.856752
5.227358
5.974535
5.643510
6.977723
6.438323
6.614952
6.236302
6.977357
6.092859
6.451291
6.057696
6.575697
6.133259
6.694586
6.317153
6.348742
7.727067
7.173217
7.573363
7.816056
7.276547
7.389813
7.907913
7.813472
8.200390
8.447556
8.813368
8.481238
8.954472
8.270009
8.057663
8.897998
8.001762
8.345444
8.017059
8.919483
8.625114
8.949448
8.682901
8.217352
8.294869
8.052921
8.494926
8.814531
8.939163
8.632889
8.772794
8.219048
8.566068
8.553483
8.598594
8.685391
9.176058
9.680564
9.813809
9.674239
9.496246
9.594043
9.107960
9.638111
9.797102
9.629873
9.839427
9.224859
9.405228
9.389919
9.621780
9.203664
9.859453
9.013558
9.627877
9.021663
9.633736
10.905404
10.327991
10.498331
10.504895
10.016292
10.129471
10.276151
10.272042
10.159019
10.784574
10.681745
10.415933
10.429443
10.934011
10.157971
10.535192
10.020374
10.348577
10.313578
10.964940
10.433432
10.205182
10.370436
10.194541
10.197108
10.042739
10.074065
10.140353
10.015588
11.816565
11.158212
11.827851
11.161370
11.845658
11.986985
11.142808
11.214789
11.789367
11.150016
11.896782
11.623923
11.905924
11.583778
11.265978
11.621146
11.941077
11.551194
11.835203
11.402098
11.024714
11.845284
11.317865
11.663563
12.517054
12.535139
12.685065
12.431129
12.821799
12.223088
12.797312
12.393514
12.417351
12.153172
12.518075
12.404748
12.626314
12.233843
12.391280
12.903240
12.506362
12.224401
12.635762
12.471054
12.983526
12.192488
12.879407
13.730970
13.914022
13.569382
13.304882
13.692990
13.453063
13.043432
13.767010
13.546097
13.297733
13.814921
13.741818
13.773512
13.720040
13.417174
13.286980
13.527851
13.212201
13.218620
13.955553
13.178307
13.320886
13.496717
13.978099
13.881325
13.785108
13.291373
13.252008
13.518364
13.447485
13.555957
13.682550
13.197958
13.617564
14.522464
14.579834
14.500597
14.485442
14.826627
14.878725
14.452479
14.846203
14.841103
14.475674
14.834915
14.302113
14.786733
14.380065
14.074083
14.944536
14.590444
14.088530
14.020271
14.091368
14.358654
14.199138
14.771176
14.287436
14.323503
14.882641
14.870032
14.944857
14.973836
14.794662
14.245605
14.009688
14.432177
14.518038
14.369770
15.661400
15.993153
15.642427
15.211407
15.974157
15.383769
15.120559
15.309407
15.291307
15.679098
15.636493
15.105190
15.314705
15.933225
15.659074
15.435855
15.490309
15.389987
15.249264
15.919655
15.131034
15.068649
15.176860
15.034090
15.001974
15.502202
15.739699
15.148374
15.358153
15.985106
15.740465
15.762097
15.165309
15.131185
15.268709
15.557958
15.005138
15.042616
15.978013
15.577844
16.041969
16.131863
16.781050
16.001148
16.820454
16.683367
16.368120
16.207794
16.078545
16.657948
16.679373
16.738691
16.732494
16.422930
16.317883
16.538677
16.483423
16.909006
16.851624
16.394821
16.374184
16.796774
16.760592
16.913717
16.321342
16.018705
16.197483
16.186653
16.557619
16.454323
16.606062
16.372522
16.187021
16.256588
16.726627
16.591434
16.294222
16.676067
16.717865
16.707203
16.192116
16.444410
16.069328
16.273207
17.529125
17.388718
17.256220
17.558910
17.528599
17.805975
17.917566
17.482639
17.773691
17.210930
17.746923
17.550829
17.119135
17.552378
17.668056
17.266609
17.590748
17.082001
17.096703
17.745413
17.456905
17.179237
17.255383
17.384657
17.478863
17.985811
17.241112
17.257755
17.829182
17.172777
17.999687
17.277601
17.630964
17.899731
17.501135
17.484844
17.642612
17.478334
17.506197
17.736746
17.233381
17.849771
17.181316
17.175735
17.079102
17.409248
17.460024
17.468159
17.233841
17.165430
17.434576
17.461065
17.345642
17.047319
18.984476
18.356663
18.701534
18.739954
18.751751
18.515533
18.141695
18.511162
18.371206
18.795525
18.177235
18.723705
18.427940
18.089977
18.885162
18.020840
18.948559
18.032129
18.084490
18.630344
18.647221
18.459393
18.945498
18.537867
18.655880
18.196062
18.171013
18.709938
18.644922
18.215857
18.196486
18.093250
18.519375
18.031397
18.610733
18.928707
18.871082
19.785141
19.317368
19.551897
19.369886
19.993032
19.984364
19.999111
19.867580
19.558584
19.897411
19.278362
19.267715
19.133385
19.208736
19.816189
19.779118
19.426886
19.572395
19.087879
19.538298
19.439104
19.473314
19.669025
19.145599
19.053301
19.714905
19.743204
19.891588
19.234385
19.412832
19.514872
19.098173
19.973196
19.658926
19.890209
19.520433
19.945478
19.004183
19.528204
19.506989
19.958141
19.930185
19.167719
19.758413
19.457365
19.568562
19.443886
19.954487
19.033981
19.512629
19.327101
19.635416
19.948961
19.050245
19.351910
19.946644
19.140997
19.798964
19.962181
19.572603
19.486826
19.007891
19.985603
19.892736
19.048805
20.751600
20.774017
20.455875
20.369497
20.909882
20.715771
20.759708
20.794228
20.201403
20.481300
20.691969
20.301996
20.075905
20.166040
20.831896
20.913752
20.200117
20.776699
20.871529
20.952017
20.619572
20.827761
20.174652
20.295767
20.445675
20.248434
20.139858
20.504898
20.694832
20.855980
20.885839
20.592190
20.775639
20.750807
20.994209
20.617062
20.122395
20.085035
20.459114
20.436485
20.306536
20.824812
20.621550
20.948551
20.326927
20.614878
20.830542
20.571806
20.161194
20.734543
20.488083
20.270954
20.287050
20.504333
20.747347
20.226376
20.446087
20.834564
21.946037
21.585629
21.431189
21.228756
21.097479
21.292814
21.888205
21.816980
21.940922
21.205284
21.495153
21.569901
21.999191
21.947857
21.027922
21.478603
21.813162
21.200165
21.667063
21.754116
21.127335
21.706850
21.180983
21.067842
21.961975
21.502102
21.690891
21.877144
21.156452
21.665583
21.723349
21.999428
21.792618
21.226955
21.757038
21.779924
21.773600
21.385670
21.037573
21.670376
21.481823
21.889921
21.165787
21.402641
21.697979
21.890825
21.822330
21.251011
21.691870
21.183466
21.013105
21.272697
21.780022
21.379124
21.132839
21.219206
21.212164
21.990156
21.429287
21.521770
21.704664
21.288307
21.526236
21.782398
21.910686
21.956564
21.142611
21.626444
21.785654
21.112806
22.625282
22.580832
22.633057
22.605158
22.096598
22.129038
22.863344
22.551128
22.752836
22.444946
22.498281
22.082605
22.345873
22.107485
22.930407
22.392933
22.077063
22.100754
22.295805
22.232141
22.342203
22.458708
22.136145
22.310818
22.642069
22.070055
22.992800
22.150017
22.534538
22.238350
22.010027
22.268223
22.396488
22.957760
22.923471
22.014673
22.176636
22.900076
22.044394
22.643656
22.327097
22.960310
22.502121
22.432199
22.834293
22.834112
22.922163
22.312107
22.551859
22.712549
22.024897
22.930540
22.402235
22.417513
22.679737
22.898447
22.555035
22.937691
22.451183
22.719170
22.946775
22.848581
22.670616
22.024656
22.072981
22.308281
22.219826
22.101055
22.718136
22.360470
22.591902
22.794407
22.183342
22.021904
22.562887
23.451370
23.236097
23.943327
23.027817
23.619205
23.106894
23.605938
23.854742
23.773880
23.150928
23.968548
23.641436
23.027571
23.925728
23.404247
23.750340
23.678356
23.160734
23.170336
23.045897
23.155088
23.076090
23.177776
23.450058
23.703985
23.190720
23.754454
23.953913
23.409910
23.927097
23.246284
23.648909
23.639803
23.510414
23.693266
23.303452
23.964762
23.590622
23.585968
23.268826
23.684437
23.666782
23.277315
23.821331
23.977028
23.987661
23.502504
23.356726
23.350624
23.711321
23.130854
23.855080
23.305632
23.820499
23.898067
23.147236
23.553719
23.790688
23.297367
23.633270
23.802570
23.417692
23.556095
23.275976
23.456049
23.841490
23.851990
23.902218
23.798260
23.695475
23.185297
23.411707
23.212439
23.022642
23.494638
23.287230
23.140011
23.224606
23.117094
23.317736
24.254572
24.526169
24.677830
24.874111
24.231302
24.842346
24.770182
24.604694
24.930155
24.589909
24.628550
24.565508
24.544945
24.252214
24.198936
24.419470
24.947742
24.381613
24.110050
24.622843
24.070660
24.160791
24.290102
24.650059
24.623116
24.032139
24.186773
24.730083
24.513943
24.494785
24.341238
24.209568
24.982714
24.914318
24.191156
24.639952
24.196014
24.733519
24.068113
24.571762
24.303951
24.793375
24.023926
24.753569
24.779667
24.894823
24.264929
24.312153
24.906303
24.771027
24.207483
24.097153
24.548040
24.116335
24.559546
24.929020
24.123699
24.603540
24.077475
24.801710
24.336401
24.248716
24.651436
24.636444
24.980019
24.549026
24.626780
24.736170
24.736559
24.188671
24.413923
24.049023
24.317024
24.683512
24.008816
24.701979
24.702011
25.217833
25.606026
25.203552
25.481081
25.461445
25.768084
25.074711
25.442343
25.011703
25.484737
25.617928
25.090420
25.458092
25.395670
25.327379
25.283035
25.772940
25.837534
25.950752
25.976751
25.477106
25.131628
25.460978
25.685972
25.857492
25.166113
25.275635
25.822451
25.097141
25.842720
25.843105
25.635626
25.599577
25.164661
25.155884
25.589695
25.697662
25.647396
25.830322
25.206335
25.121050
25.040564
25.792734
25.369385
25.686617
25.452892
25.321751
25.644264
25.272274
25.159607
25.282301
25.311691
25.639246
25.716276
25.140690
25.315212
25.247154
25.553751
25.197859
25.391279
25.593250
25.038836
25.585234
25.921940
25.732883
25.802330
25.686382
25.580582
25.462431
25.495575
25.673552
25.741413
25.686602
25.931053
25.173513
25.155540
25.586121
25.405035
25.179604
25.970449
25.956211
26.241552
26.373463
26.291672
26.940596
26.652905
26.520061
26.746534
26.184050
26.766693
26.476688
26.701853
26.867611
26.270786
26.265436
26.239361
26.741365
26.897806
26.217482
26.208590
26.393305
26.143175
26.248625
26.617638
26.890556
26.649868
26.245380
26.826675
26.833595
26.102007
26.904175
26.866583
26.066164
26.615631
26.506180
26.649969
26.081308
26.347401
26.687586
26.419910
26.003956
26.949303
26.114399
26.115877
26.502819
26.357168
26.372442
26.977118
26.889366
26.343592
26.713921
26.013123
26.033873
26.368124
26.977638
26.687321
26.485773
26.814505
26.270103
26.671213
26.674875
26.088293
26.483110
26.567680
26.416086
26.354675
26.273951
26.005106
26.370579
26.511971
26.191128
26.699265
26.530107
26.865484
26.056240
26.124254
26.981722
26.494789
26.638224
26.304745
26.221344
26.924393
26.186510
26.446802
26.043428
26.903786
26.501532
26.225641
26.046951
26.595963
26.596821
26.999380
26.363888
26.194214
26.126879
26.410294
27.975332
27.692867
27.411491
27.461267
27.457060
27.080732
27.490068
27.087507
27.217388
27.005089
27.273535
27.706892
27.713978
27.748232
27.513111
27.958357
27.843370
27.666607
27.024130
27.746033
27.506695
27.992216
27.402658
27.398327
27.786253
27.489723
27.956402
27.080584
27.833414
27.165291
27.853836
27.218794
27.281971
27.923382
27.297653
27.526463
27.536953
27.197340
27.213282
27.138741
27.829382
27.714333
27.867985
27.014450
27.606274
27.168659
27.876631
27.302406
27.650015
27.884918
27.018866
27.557203
27.963903
27.019361
27.759859
27.592745
27.419598
27.616232
27.885979
27.710907
27.729248
27.537758
27.336349
27.757330
27.741035
27.598499
27.642658
27.559395
27.375423
27.226370
27.945469
27.413721
27.500559
27.999088
27.247196
27.731102
27.671333
27.862818
27.563988
27.240931
27.377399
27.080910
27.429117
27.131100
27.317537
27.706478
27.169552
27.664377
27.746336
27.808264
27.237602
27.621349
27.720682
27.551678
27.515120
27.708820
27.299578
27.421955
27.076090
28.838451
28.809528
28.448967
28.792034
28.112968
28.305389
28.341948
28.076288
28.769665
28.789600
28.590473
28.312990
28.816814
28.824560
28.126266
28.418409
28.714741
28.583498
28.466122
28.604601
28.505232
28.193882
28.377745
28.261442
28.112171
28.382343
28.873249
28.805044
28.717865
28.249174
28.936481
28.431574
28.857573
28.770937
28.478127
28.294500
28.647039
28.574072
28.226839
28.592297
28.134668
28.150805
28.133448
28.728788
28.358076
28.950340
28.367695
28.850922
28.898661
28.582916
28.814672
28.896538
28.979240
28.180449
28.640488
28.533747
28.503883
28.216152
28.195951
28.062548
28.302206
28.274128
28.879517
28.191343
28.559412
28.097120
28.493845
28.353079
28.743446
28.973845
28.389624
28.114328
28.094435
28.895000
28.598234
28.488983
28.716217
28.921345
28.900816
28.279917
28.915922
28.554026
28.154095
28.864786
28.308968
28.683554
28.988523
28.996077
28.672003
28.994719
28.004070
28.772028
28.937536
28.494497
28.670116
28.659405
28.035046
28.804703
28.046738
28.725758
28.917746
28.549198
28.496155
28.153357
28.386515
28.038109
28.347069
28.045193
28.136993
29.854265
29.519646
29.567293
29.107252
29.821175
29.842831
29.747202
29.730276
29.731119
29.551966
29.014406
29.810953
29.646759
29.754730
29.836094
29.093874
29.764765
29.989168
29.072659
29.070391
29.846138
29.471336
29.451040
29.664867
29.195423
29.089027
29.284084
29.380152
29.693840
29.023254
29.908060
29.262419
29.897036
29.848833
29.965858
29.670464
29.271576
29.703527
29.537495
29.802418
29.949944
29.852949
29.896427
29.514704
29.291046
29.184725
29.419905
29.468666
29.269468
29.957842
29.876884
29.213833
29.339046
29.726568
29.891239
29.611082
29.037632
29.737972
29.397093
29.124758
29.889002
29.125132
29.797235
29.069324
29.636127
29.999210
29.937222
29.954798
29.678034
29.072721
29.115551
29.175964
29.831133
29.725313
29.894106
29.544292
29.330399
29.306650
29.932610
29.805624
29.649628
29.794840
29.791048
29.792490
29.050089
29.046427
29.968508
29.188137
29.967255
29.619303
29.955334
29.922258
29.488428
29.171303
29.908092
29.720306
29.375406
29.681374
29.072428
29.259842
30.751989
30.891354
30.615938
30.552647
30.673187
30.616533
30.256212
30.338682
30.895496
30.640364
30.891741
30.748074
30.955336
30.878416
30.264917
30.854229
30.196592
30.503027
30.804241
30.059443
30.385157
30.484312
30.826328
30.980707
30.550472
30.909868
30.653290
30.403011
30.494503
30.298315
30.510988
30.029280
30.825697
30.769583
30.775431
30.550171
30.581480
30.705833
30.849302
30.476263
30.975792
30.937513
30.675552
30.230297
30.118629
30.977505
30.715549
30.925556
30.614170
30.664629
30.784536
31.127325
31.697353
31.864130
31.021421
31.677193
31.897705
31.763365
31.310539
31.990820
31.023073
31.358315
31.438229
31.512480
31.269287
31.363565
31.922342
31.019680
31.895466
31.233383
31.863386
31.785498
31.424023
31.718262
31.612469
31.387131
31.196812
31.533859
31.769781
31.263283
31.846489
31.892904
31.568953
31.946791
32.848637
32.967720
32.916622
32.968388
32.828873
32.882950
32.504280
32.200642
32.204842
32.266247
32.388054
32.309696
32.606365
32.954124
32.253532
32.153107
32.801823
32.910736
33.248920
33.404728
33.961941
33.900208
33.493587
33.912106
33.755455
33.103901
33.152508
33.547821
33.511875
33.414551
33.424873
33.689095
33.696766
33.618423
33.777794
34.608746
34.855686
34.882706
34.994610
34.192986
35.591209
35.967167
36.849052
36.726089
36.116024
36.658970
36.170208
36.861889
36.780533
36.700108
38.823326
38.021275
38.260582
39.815407
39.281139
41.269966
42.884926
44.755959
44.923111
44.196629
46.935116
46.867363
61.957458
57.450859
52.951153
51.123314
55.737743
0.000000
0.000000
0.000000
0.000000
0.000000
0.000000
0.000000
0.000000
0.000000
0.000000
0.000000
0.000000
0.000000
0.000000
0.000000
0.000000
0.000000
0.000000
0.000000
0.000000
0.000000
0.000000
0.000000
2.650000
2.590000
2.924341
2.980000
2.940000
2.796557
2.972444
2.925408
3.834796
3.448476
3.992783
3.959417
3.702140
3.733892
3.884113
4.976275
4.693807
4.529893
4.765402
4.430307
4.446596
4.647943
4.989385
4.656385
4.900730
4.627007
4.547399
4.859842
4.543839
4.048182
4.845139
5.144578
5.800225
5.555502
5.050040
5.384879
5.355596
5.266453
5.564275
5.530703
6.547677
6.915780
6.874053
6.953609
7.289350
7.730309
7.810152
7.644451
7.710807
8.853203
8.449847
8.208167
8.790408
8.242740
8.402335
8.988408
8.397710
8.014318
8.970468
8.869142
8.066729
9.005777
9.003538
9.831537
9.212283
9.898621
9.151567
9.488796
9.587618
9.992619
9.935582
9.116233
9.050031
9.588796
9.875275
9.470531
10.341738
10.976209
10.358437
10.355931
10.339437
10.832517
10.383704
10.447541
10.055126
10.256014
10.087157
10.470676
10.222152
10.500325
10.139932
10.077650
10.051855
10.588721
10.733579
11.584961
11.826447
11.935699
11.716858
11.054986
11.431330
11.017215
11.690605
11.961846
11.216983
11.589724
11.774260
11.401136
11.735063
11.773028
11.605389
11.104919
11.655002
11.762729
11.621026
11.270707
11.044994
11.019048
11.010186
11.450657
11.098704
11.249511
11.956847
11.209495
11.668675
11.019100
11.960200
12.849997
12.737944
12.027112
12.007779
12.764278
12.051373
12.778296
12.649917
12.015164
12.389172
12.236015
12.473437
12.277304
12.007201
12.536223
12.289120
12.741540
12.649717
12.337354
12.477742
12.476250
12.204842
12.516559
12.830275
12.110788
12.265615
12.970688
12.831605
12.990429
12.180573
12.414643
12.482156
12.691407
12.579667
12.850451
12.348937
12.379419
12.476219
12.723668
12.287978
12.683701
12.370000
12.523532
12.613610
13.828859
13.022740
13.303267
13.714233
13.520634
13.646987
13.079244
13.392345
13.546022
13.292945
13.256720
13.224419
13.869011
13.241037
13.902091
13.876038
13.415517
13.126736
13.501257
13.125834
13.403799
13.932114
13.562647
13.810428
13.511149
13.062272
13.838389
13.539598
13.518471
13.760669
13.623707
13.586077
13.538877
13.422171
13.657858
13.886443
13.148396
13.691678
13.809458
13.046690
13.666596
13.265388
13.622100
14.128825
14.133079
14.685789
14.432453
14.225035
14.393925
14.576344
14.769725
14.778150
14.413400
14.895117
14.123749
14.384901
14.277070
14.793650
14.801892
14.830939
14.462762
14.181061
14.582485
14.512527
14.708003
14.742619
14.887962
14.368564
14.560840
14.215632
14.110703
14.553215
14.723649
14.496735
14.708625
14.038513
14.037534
14.067583
14.029184
14.321660
14.251341
14.145288
14.043250
14.732518
14.533255
14.290672
14.504500
14.453393
14.838547
14.536016
14.204078
14.648959
14.855115
14.243104
15.645634
15.706372
15.737000
15.191633
15.638711
15.287946
15.194070
15.386668
15.367556
15.269309
15.571856
15.843913
15.969325
15.252410
15.777691
15.426114
15.588321
15.535165
15.625032
15.563896
15.479266
15.952188
15.075356
15.802514
15.346206
15.525265
15.677056
15.210362
15.809579
15.630523
15.757477
15.034474
15.860476
15.828155
15.581172
15.584248
15.906878
15.738401
15.195351
15.603871
15.795472
15.463988
15.452395
15.347212
15.268907
15.933427
15.459168
15.921708
15.059641
15.066795
15.872499
15.230408
15.017293
15.982142
15.037471
15.697041
15.675096
15.246986
15.787419
15.393627
15.134019
15.841046
16.901762
16.424713
16.203913
16.271214
16.684551
16.762661
16.991575
16.158400
16.508366
16.049267
16.757790
16.803345
16.650354
16.228369
16.709177
16.336096
16.173126
16.972610
16.374140
16.504173
16.104998
16.990795
16.413574
16.806852
16.639061
16.045235
16.180182
16.721403
16.973969
16.497375
16.813736
16.969627
16.654902
16.720995
16.583975
16.150110
16.391230
16.098116
16.844551
16.620909
16.818333
16.235491
16.143568
16.105064
16.264063
16.644028
16.921268
16.344509
16.727564
16.445721
16.647812
16.248289
16.766260
16.690872
16.469896
16.650558
16.028936
16.789272
16.309769
16.824430
16.366116
16.762173
16.466896
17.797710
17.528416
17.073311
17.634413
17.744024
17.496508
17.212772
17.337460
17.181507
17.712877
17.914633
17.626635
17.490496
17.153828
17.938160
17.935997
17.411350
17.992121
17.365427
17.880411
17.523130
17.123585
17.808607
17.964462
17.008955
17.019241
17.242952
17.613052
17.052248
17.059996
17.273930
17.435802
17.106878
17.233986
17.951189
17.096104
17.500618
17.810232
17.166950
17.423122
17.528830
17.645184
17.192030
17.496136
17.238317
17.759361
17.791731
17.115808
17.691368
17.515377
17.708242
17.169312
17.620911
17.136284
17.899115
17.095556
17.779388
17.747902
17.736137
17.583788
17.442406
17.319866
17.195990
17.915850
17.398821
17.953535
18.959827
18.427479
18.441828
18.910160
18.899185
18.479504
18.705315
18.373285
18.475687
18.192677
18.882921
18.834988
18.659424
18.627195
18.005529
18.783104
18.282734
18.500086
18.157675
18.766941
18.549568
18.312527
18.102695
18.995111
18.996090
18.177353
18.176001
18.418293
18.941624
18.386480
18.155685
18.024708
18.841772
18.708586
18.629232
18.536669
18.622654
18.013475
18.485458
18.581804
18.719318
18.099014
18.067175
18.365936
18.277033
18.613476
18.467947
18.876209
18.255398
18.195007
18.224480
18.101480
18.529968
18.658747
18.568840
18.128645
18.818226
18.329290
18.752934
18.656685
18.384207
18.870537
18.409138
18.027344
18.158384
18.193136
18.733879
18.087328
18.003876
18.714790
18.330523
18.320410
18.697115
18.221386
18.940718
18.187500
18.298153
18.931231
18.593468
18.729872
18.645872
18.789440
18.771729
18.875610
18.056557
18.141388
18.502575
18.963827
18.985556
18.455729
18.459124
18.630919
18.764071
19.729141
19.952326
19.419870
19.918680
19.319817
19.053568
19.612709
19.107367
19.148470
19.121141
19.767149
19.282774
19.839767
19.116301
19.870485
19.676390
19.037542
19.691675
19.946177
19.730139
19.849560
19.605358
19.171223
19.103958
19.473204
19.712109
19.542704
19.828020
19.786573
19.070959
19.443659
19.669836
19.821604
19.897268
19.147264
19.456865
19.586136
19.935549
19.628326
19.879526
19.971584
19.510395
19.714987
19.114004
19.981419
19.005724
19.766411
19.296474
19.802773
19.560804
19.304356
19.091078
19.488300
19.276962
19.564428
19.271425
19.609018
19.267385
19.215736
19.203899
19.568382
19.586426
19.402348
19.775553
19.558607
19.310162
19.340456
19.868418
19.832369
19.608067
19.908552
19.068192
19.948881
19.293236
19.796963
19.730726
19.659796
19.760546
19.740402
19.236919
19.823902
19.746456
20.292715
20.373302
20.039135
20.861992
20.670208
20.775030
20.831554
20.639610
20.777122
20.021952
20.111134
20.145065
20.361408
20.474335
20.048393
20.980173
20.867586
20.799377
20.597219
20.794456
20.482059
20.484352
20.669243
20.527662
20.966475
20.119242
20.297531
20.436584
20.300785
20.389160
20.778715
20.979231
20.330629
20.338247
20.887545
20.585476
20.476646
20.707495
20.431440
20.383230
20.688782
20.281298
20.062899
20.491804
20.108074
20.386524
20.014793
20.789581
20.163912
20.239479
20.398504
20.870146
20.822563
20.161913
20.121431
20.436907
20.605913
20.511541
20.850428
20.164091
20.000759
20.709730
20.617516
20.868057
20.083675
20.329115
20.945024
20.164003
20.433750
20.904772
20.194143
21.763716
21.103655
21.852476
21.388723
21.311699
21.641272
21.168547
21.536131
21.250395
21.540075
21.650915
21.084812
21.063484
21.718271
21.245115
21.547852
21.614824
21.984877
21.449547
21.784327
21.987904
21.940933
21.732197
21.278097
21.208191
21.823189
21.070101
21.606421
21.789122
21.890116
21.464327
21.064556
21.427471
21.728542
21.804928
21.713997
21.690754
21.001911
21.845198
21.909883
21.621681
21.967150
21.737150
21.542143
21.178976
21.299681
21.197727
21.880219
21.049868
21.134583
21.074190
21.449188
21.941868
21.233076
21.197092
21.555588
21.335527
21.988762
21.500797
21.088619
21.326305
21.868311
21.102001
21.712816
21.037962
21.917774
21.204271
21.821224
21.095575
21.872103
22.090252
22.911482
22.122089
22.233763
22.741545
22.020161
22.445065
22.670513
22.374592
22.008759
22.295607
22.263376
22.157534
22.661467
22.827305
22.812756
22.867609
22.282299
22.250416
22.422102
22.908882
22.719854
22.735815
22.934164
22.000755
22.449034
22.913042
22.064831
22.958277
22.152082
22.263086
22.777176
22.949690
22.193214
22.996754
22.256031
22.699888
22.692703
22.074377
22.508463
22.914351
22.470150
22.156351
22.750286
22.305740
22.080135
22.341448
22.632839
22.883392
22.901234
22.284533
22.147945
22.614689
22.504772
22.961258
22.865627
22.688072
22.745749
22.567745
22.491234
22.295952
22.517021
22.107630
22.865290
22.256750
22.496475
22.158411
22.992378
22.171261
22.295471
22.757128
22.715939
22.537882
23.371012
23.368198
23.988291
23.036758
23.020302
23.992762
23.577646
23.546246
23.315222
23.340303
23.163774
23.303741
23.591087
23.863886
23.240242
23.072021
23.742189
23.819450
23.549047
23.596737
23.566269
23.719849
23.322489
23.554277
23.106991
23.875332
23.149437
23.428146
23.965858
23.929323
23.260271
23.555855
23.045887
23.177414
23.292700
23.288366
23.559635
23.076666
23.291229
23.426805
23.153105
23.095570
23.451042
23.877140
23.789751
23.209360
23.712379
23.099983
23.114477
23.229610
23.101833
23.611471
23.454897
23.797882
23.003317
23.194048
24.898129
24.281921
24.334007
24.710686
24.238358
24.882515
24.422956
24.737919
24.295393
24.495024
24.675230
24.401079
24.173531
24.682379
24.971806
24.296335
24.385204
24.492760
24.166637
24.564314
24.074705
24.997200
24.471712
24.068535
24.703890
24.870663
24.593018
24.762577
24.980536
24.015192
24.789181
24.942503
24.253189
24.389851
24.595734
24.539368
24.743261
24.319498
24.679186
24.434713
24.532974
24.489399
24.120195
24.297489
24.937328
24.299883
24.351212
24.495644
24.247395
24.929226
24.777708
24.024681
24.410553
24.482306
24.029041
24.355021
24.909618
24.295763
24.119385
24.142725
24.751143
24.264894
24.891844
24.855663
24.939932
24.419168
25.285456
25.605421
25.995903
25.105556
25.270660
25.802061
25.667616
25.326443
25.159126
25.110979
25.456326
25.696991
25.484297
25.701496
25.286688
25.008936
25.103556
25.154030
25.334055
25.394644
25.092434
25.364454
25.430586
25.710629
25.612131
25.557911
25.827833
25.962700
25.635054
25.693050
25.518017
25.320190
25.109030
25.934994
25.720266
25.861872
25.788662
25.109688
25.629194
25.371572
25.339241
25.815830
25.695814
25.615206
25.258726
25.555229
25.084923
25.047905
25.973181
25.759457
25.431517
25.520208
25.620838
25.056238
25.811897
25.185230
25.284153
25.381399
25.309004
25.442787
25.112106
25.507463
25.279280
25.131847
25.282181
26.660604
26.645651
26.249941
26.200592
26.713856
26.536346
26.135509
26.854963
26.092196
26.261787
26.930714
26.548811
26.206877
26.887079
26.170137
26.892706
26.316429
26.706348
26.210224
26.328844
26.811504
26.514511
26.799309
26.448246
26.070755
26.574318
26.811695
26.983953
26.410521
26.300695
26.464220
26.805006
26.760220
26.163561
26.571604
26.151699
26.847103
26.131851
26.058258
26.056274
26.523479
26.606031
26.616932
26.286875
26.792063
26.451908
26.357611
26.063116
26.699673
26.707508
26.129133
26.205809
27.647135
27.618690
27.626352
27.320719
27.862398
27.040668
27.095373
27.726099
27.202967
27.936310
27.425005
27.399006
27.033369
27.261278
27.758514
27.591440
27.634586
27.707014
27.412323
27.029852
27.548105
27.659454
27.744652
27.661537
27.888573
27.209471
27.858150
27.027155
27.183121
27.062164
27.249758
28.349634
28.192184
28.007725
28.900946
28.824842
28.346558
28.930428
28.263256
28.202072
28.038712
28.141146
28.309925
28.066639
28.408646
28.197819
28.331369
28.621548
28.715673
28.714151
28.178280
28.148348
28.071510
28.852144
28.020542
28.867125
28.137691
28.022179
28.057816
28.015619
28.130901
28.995789
28.263826
29.439819
29.283825
29.244244
29.083981
29.526674
29.173653
29.182753
29.057060
29.580976
30.044714
30.023233
31.459904
31.162384
31.819078
31.010048
31.752617
31.440208
31.090879
32.840397
32.828079
33.131405
33.416420
33.332397
34.606857
34.537987
35.788387
36.475262
36.352703
36.223869
38.280071
43.169125
55.350647
0.000000
0.000000
0.000000
0.000000
0.000000
0.000000
0.000000
0.000000
0.000000
0.000000
0.000000
0.000000
0.000000
0.000000
0.000000
0.000000
0.000000
0.000000
0.000000
0.000000
2.769270
2.503052
0.000000
0.000000
0.000000
0.000000
0.000000
0.000000
2.767439
2.933074
2.811713
2.631384
2.569339
2.849565
2.449496
2.600000
2.301930
2.646107
2.936027
2.891856
2.666221
2.518758
2.859951
2.543581
3.083668
3.836278
3.876466
3.955792
3.480175
3.676876
3.511742
3.819934
3.310290
4.855127
4.986588
4.763686
4.948718
4.175653
4.965165
4.861809
4.377330
4.489692
4.672147
5.829520
5.867321
5.619075
5.327638
5.849412
5.529465
5.066087
6.127604
6.041473
6.250398
6.500144
6.415629
6.095387
6.378941
6.497340
6.663235
6.740551
6.837123
7.694711
7.111215
7.512267
7.923296
7.390768
7.098544
7.252633
7.026694
7.863678
7.594809
7.413925
7.633225
7.959816
7.369904
7.324428
7.849301
7.429207
7.625702
7.605817
8.153826
8.923622
8.472752
8.574466
8.360311
8.396212
8.063641
8.760036
8.139896
9.714952
9.009467
9.161106
9.571525
10.197678
10.678415
10.625108
10.229146
10.573017
11.082488
11.895365
11.330590
11.603389
12.674865
13.645002
14.814987
14.893659
15.280701
15.055123
20.790613
0.000000
0.000000
0.000000
0.000000
0.000000
0.000000
0.000000
0.000000
0.000000
0.000000
0.000000
0.000000
2.803482
2.879728
2.701650
2.890343
2.871994
2.491128
2.640084
2.840541
2.928462
2.645772
2.983105
2.775299
2.898633
2.773023
2.920000
2.707568
2.680000
2.578482
2.750000
2.910000
2.849769
2.830488
2.150000
2.820818
2.700000
2.890000
2.870000
2.700281
3.797555
3.941244
3.373759
3.250978
3.818954
3.935489
3.790207
3.280189
3.027578
3.160879
3.517546
3.996932
3.174081
3.207677
3.578760
3.392576
3.591379
3.319118
3.911448
3.794322
3.763420
3.129574
4.252756
4.284973
4.469090
4.015936
4.167558
4.769120
4.556666
4.557166
4.898382
4.882108
4.482950
4.661061
4.568603
4.637082
4.736082
4.190121
4.725189
4.623430
4.619899
4.395066
4.600973
4.882646
4.988194
4.800939
4.159784
4.870878
5.294757
5.422925
5.628498
5.841777
5.116178
5.983802
5.222269
5.164238
5.844335
5.685709
5.241773
5.233302
5.165187
5.351399
5.670548
5.900574
5.866707
5.009535
5.125265
5.415504
5.119982
5.944576
5.032951
6.257755
6.525755
6.763437
6.800124
6.482049
6.535926
6.725664
6.098267
6.674701
6.615274
6.095650
6.287193
6.414361
6.396965
6.963960
6.198504
6.593539
6.335603
6.426266
6.652138
6.534001
6.775365
7.463169
7.324341
7.048178
7.587475
7.718805
7.153337
7.295339
7.553367
7.193395
7.251093
7.262619
7.172225
7.405656
7.145543
7.975873
7.571506
7.683026
8.159217
8.001255
8.687149
8.747872
8.384800
8.282111
8.298223
8.116152
8.204930
8.616232
8.198657
9.752243
9.130553
9.430252
9.119502
9.486596
9.123955
9.933323
9.115216
9.903446
9.041733
10.519712
10.034224
10.415152
10.957650
10.758583
10.343262
10.435428
10.220820
10.400135
11.849565
11.196647
11.800328
11.344014
11.275010
11.776476
11.804141
11.039524
11.847709
11.352719
11.952962
11.862372
12.490363
12.991808
12.474734
12.900286
12.137301
12.389680
12.566575
12.091541
12.281484
12.207318
12.654417
12.987440
12.466144
12.395648
12.397985
13.309138
13.278769
13.071767
13.221352
13.394757
13.256093
13.725550
14.590743
14.541478
14.363517
14.455451
14.255306
14.843472
14.586092
14.096711
14.285743
15.597220
15.144242
15.744335
15.157196
15.413190
15.712001
15.262488
16.422699
16.562635
16.664619
17.469717
17.075855
17.248745
17.637295
17.015823
17.319931
17.942553
17.827168
17.818775
18.862280
18.152470
18.448406
18.360802
19.139002
19.967878
19.085794
19.257259
19.219370
20.979355
20.336781
20.291183
20.006107
21.414877
21.335907
21.553209
22.766544
22.569443
23.639215
23.965506
23.038858
24.430363
24.917336
24.114435
24.125845
25.935745
25.867119
25.578909
25.186855
25.986113
25.250761
25.720531
26.231874
26.719633
26.598217
26.094624
26.989979
26.370861
26.335869
26.303253
26.572874
26.324224
26.859516
27.324133
27.974619
27.445990
28.877460
28.420000
28.649626
28.425966
29.735743
29.335405
29.861809
29.514751
29.115654
29.383896
30.418945
30.191877
30.459003
30.157333
30.699892
31.784035
31.200275
32.450756
32.714508
32.126907
32.392490
32.492004
32.652580
33.916077
37.984329
37.900520
39.775421
44.071095
45.462669
48.424374
0.000000
0.000000
0.000000
0.000000
0.000000
0.000000
0.000000
0.000000
0.000000
0.000000
0.000000
0.000000
0.000000
0.000000
0.000000
0.000000
0.000000
0.000000
0.000000
0.000000
2.764319
2.691467
2.997586
2.833898
2.920000
2.771605
2.790000
2.510000
2.768590
2.920000
2.921438
2.581307
2.805719
2.730993
2.940361
2.567507
2.794230
2.960000
2.818894
2.916906
2.986984
2.826495
2.919924
2.874434
2.530000
2.040000
2.663908
2.870000
3.256460
3.990078
3.399709
3.325952
3.463793
3.130400
3.463815
3.224283
3.504396
3.068812
3.462829
3.880000
3.946922
3.827429
3.547643
3.715341
3.173013
3.935966
3.640365
3.434953
3.711765
3.604072
3.764320
3.509744
3.643289
3.954776
3.913225
3.696321
3.945518
3.514126
3.434246
3.476893
4.638387
4.952286
4.821336
4.809682
4.263874
4.754952
4.894637
4.863902
4.455400
4.441700
4.894343
4.895024
4.152955
4.481687
4.865767
4.764117
4.775948
4.497545
4.769541
4.733218
4.718359
4.972948
4.210577
4.870553
5.829733
5.809688
5.166242
5.822243
5.924560
5.107576
5.160000
5.025228
5.120140
5.610539
5.371344
5.575027
5.254350
5.952153
5.484729
5.459373
5.080705
5.981865
5.888262
5.540759
5.161703
5.624144
5.720339
5.075675
5.279474
5.960591
5.168896
5.201856
5.771577
5.644816
5.178061
5.219746
5.548317
5.130092
5.203273
5.386957
5.123655
6.556101
6.715935
6.835292
6.773774
6.157159
6.331523
6.187695
6.543070
6.534922
6.136076
6.501914
6.672383
6.317155
6.782502
6.576841
6.404261
6.847029
6.204352
6.666209
6.423205
6.827806
6.293930
6.271975
6.502042
6.815753
6.598912
6.552386
6.281863
6.720715
6.115272
6.622398
6.382837
6.143354
6.187593
6.544769
6.286942
6.822070
6.741148
6.292351
7.149758
7.426264
7.094143
7.644041
7.017330
7.038438
7.634208
7.310222
7.942878
7.537814
7.469316
7.817681
7.029267
7.703871
7.982092
7.034561
8.366289
8.791489
8.146592
8.389503
8.633590
8.208451
8.702409
8.512607
8.795773
8.415799
9.578451
9.467031
9.013471
9.768208
9.183503
9.451252
9.044436
9.903131
9.106483
9.024313
9.801036
9.685969
9.953942
10.942326
10.839735
10.300113
10.825602
10.559538
10.115705
10.204766
10.389560
11.734897
11.478715
11.541628
11.042593
11.301716
11.524339
11.337425
11.440180
11.517656
11.989067
11.455941
11.690339
11.683399
11.993198
12.954031
12.564590
12.341741
12.077096
12.520328
12.400239
12.346742
12.516760
12.799824
13.425011
13.686548
13.444212
13.183673
13.612904
13.691351
13.649219
13.085696
13.630805
14.106082
14.811446
14.804461
14.970637
14.089929
14.912436
15.605707
15.325336
15.026889
16.300766
16.323524
16.090494
16.456255
16.259989
16.626219
16.111017
16.749317
16.486080
16.718647
16.477570
16.389557
17.333248
17.976170
17.559954
17.799770
17.077225
17.011616
18.522669
18.052505
18.916954
18.801830
18.131155
18.361609
19.467953
19.832014
19.694540
19.797049
20.007914
20.414066
20.019411
21.323105
21.985458
21.833342
21.314434
22.600796
23.003023
24.598286
25.379339
25.002783
25.052853
25.632153
25.253428
26.891724
26.708120
26.295301
26.549999
26.132601
26.319702
27.144527
27.009741
27.087442
27.342752
27.352196
27.035463
27.507399
27.417570
28.040464
28.777342
28.575354
28.910000
28.951660
29.833685
29.960905
29.892389
29.922640
29.077072
29.830788
29.254044
29.605219
29.586998
30.755461
30.733761
30.971039
30.363243
31.519695
31.099234
31.405989
31.329363
31.007610
31.888435
31.623526
31.966150
31.229525
32.577114
32.695488
32.215912
32.728996
32.729641
32.812668
32.498699
32.640903
32.767651
33.700027
33.299664
33.316860
34.039108
34.936241
34.756466
34.666832
34.412613
34.937801
35.394913
35.252899
35.001564
35.406113
36.830376
39.518394
40.911888
40.784344
41.516850
42.259895
42.269001
44.473835
44.403564
44.818108
45.227226
46.919960
46.501091
56.243584
88.309120
80.748672
64.069710
55.127556
59.621830
56.950676
103.262787
54.016384
84.557320
51.146957
56.916618
103.777237
0.000000
0.000000
0.000000
0.000000
0.000000
0.000000
0.000000
0.000000
0.000000
0.000000
0.000000
0.000000
0.000000
0.000000
0.000000
0.000000
0.000000
0.000000
0.000000
2.587805
2.670000
2.975238
2.616135
2.900633
2.971005
2.860000
2.530209
2.950000
2.874971
2.970000
2.625042
2.673921
2.816128
2.967589
2.691145
2.729865
2.335668
2.040000
3.535551
3.824464
3.566272
3.878630
3.914321
3.874727
3.930000
3.623246
3.543715
3.996139
3.552770
3.745749
3.634484
3.525280
3.288831
3.983845
3.987803
4.260041
4.887208
4.686686
4.513854
4.804991
4.354533
4.975043
4.822563
4.776027
4.836543
4.883204
4.600008
4.171082
4.918015
4.604724
4.106711
4.395711
4.525526
4.531919
4.903848
4.828630
4.949731
4.265432
4.962163
4.446435
4.344241
4.781488
4.754558
4.927895
4.993951
4.422368
4.884609
4.800111
5.036508
5.937224
5.663463
5.289336
5.029531
5.373694
5.704033
5.394659
5.842751
5.838731
5.230947
5.018334
5.433834
5.257604
5.686142
5.611239
5.587373
5.269337
5.992454
5.341371
5.127925
5.836313
5.962782
5.704241
5.176087
5.017890
5.503323
5.127271
5.337693
6.623532
6.873674
6.288255
6.580299
6.956881
6.163710
6.367294
6.961793
6.696018
6.255011
6.992678
6.511907
6.088444
6.017581
6.758487
6.756271
6.301130
6.176924
6.315436
6.162057
6.158843
6.891680
6.426301
6.774519
6.489183
6.649777
6.082925
6.628808
6.263035
6.323981
6.733702
6.803234
6.454837
6.580048
6.144690
6.727517
7.398729
7.399903
7.400392
7.116298
7.125159
7.342854
7.448319
7.595793
7.565292
7.000918
7.125301
7.993668
7.044741
7.590511
7.159453
7.500840
7.145384
7.782238
7.425937
7.123687
7.305286
7.002961
7.285633
7.251444
7.171961
7.231069
7.867175
7.064651
7.552938
8.408462
8.372105
8.344493
8.852832
8.366691
8.232841
8.221847
8.016035
9.006365
9.010645
9.242105
9.787298
9.768529
9.710667
9.893689
9.375501
9.127199
9.218418
9.937522
9.865202
10.990788
10.835482
10.160937
10.982092
10.018317
10.840453
10.799582
10.224124
10.350427
11.892236
11.534574
11.700994
11.245296
11.965691
11.382183
11.289617
11.464971
11.144876
11.038780
11.082061
12.593210
12.295647
12.072366
13.825844
13.249566
13.565444
14.405566
14.742063
14.760306
14.697016
15.689781
15.934518
15.672755
15.834603
15.929430
15.293008
15.950751
15.634814
16.708857
16.414469
16.701532
16.688566
16.583647
17.170891
17.835094
17.521837
18.238777
18.205788
18.557697
18.547602
18.364367
19.207827
19.093252
19.946533
20.899858
20.783314
20.484037
20.988928
20.790607
20.590458
20.150318
20.524754
21.682222
21.161591
21.030136
21.462456
21.472767
21.921904
21.767820
22.763737
22.137373
22.056282
22.104855
22.302002
22.504814
22.778090
22.853085
22.198042
22.294743
23.424620
23.123049
23.795765
23.472721
23.051245
23.630722
23.193556
23.350388
23.613596
23.524445
23.249729
23.583378
23.699400
23.710186
24.613346
24.406752
24.260916
24.607893
24.700750
24.005657
24.831697
24.426527
24.580318
24.765272
24.166920
25.105396
25.994333
25.300558
25.936213
25.951536
25.313366
25.026970
25.349981
25.352110
25.963881
26.923725
26.835064
26.224039
26.875689
26.714354
27.951071
27.388954
27.846542
27.078566
27.175982
28.525599
28.250715
28.851416
28.676359
28.834726
28.505949
28.842434
28.080814
29.098354
29.771948
29.862932
29.817293
29.273348
29.209290
29.479973
29.401659
29.932619
29.344128
30.964588
31.197809
31.879354
31.287418
32.958805
33.677570
33.994553
33.124123
34.923439
38.132729
39.953640
66.954926
0.000000
0.000000
0.000000
0.000000
0.000000
0.000000
0.000000
0.000000
0.000000
0.000000
0.000000
0.000000
0.000000
0.000000
0.000000
0.000000
0.000000
0.000000
0.000000
0.000000
0.000000
2.900737
2.830000
2.705636
2.521831
2.670000
2.270000
2.517112
2.780000
2.690000
2.980119
2.620000
2.691010
3.000000
2.814676
3.672582
3.141060
3.746076
3.713151
3.492043
3.711787
3.348296
3.963184
3.728588
4.573782
4.955811
4.938738
4.931485
4.785141
4.729054
4.829801
4.856059
4.496578
4.563677
4.968664
4.914336
4.486331
4.863841
4.940710
4.755931
4.835653
4.860894
5.776064
5.451440
5.066658
5.346405
5.261431
5.444950
5.137187
6.652312
6.500952
6.985771
6.695638
7.813498
7.140000
7.744075
7.361940
8.151925
8.008034
8.462644
8.845635
8.600013
9.306719
9.689125
9.472116
9.530914
9.510913
10.313275
10.348327
10.923902
10.278518
11.059608
11.005858
11.211121
11.754158
11.799043
11.614835
11.061744
11.856744
12.992319
12.014524
12.145093
12.795736
13.717493
13.872083
13.430033
13.276905
13.550901
13.748102
13.726266
13.729510
13.607135
13.377542
14.591605
14.812843
14.411435
14.759057
14.718922
14.452622
15.271267
15.421153
15.607412
15.649239
15.791196
15.251866
15.083027
15.062009
16.227917
16.760817
16.950663
16.779758
16.664661
16.839668
16.724539
16.614779
17.002483
17.903242
17.152449
17.487116
17.896698
17.098549
17.007017
18.770029
18.127613
18.333044
18.549833
18.335703
18.844179
18.758062
18.148357
19.634592
19.443222
19.510529
19.889467
19.190434
19.852922
19.008383
19.422426
19.971073
19.774609
20.611364
20.922192
20.668083
20.521570
20.859632
20.928310
20.179115
21.209499
21.195166
21.771881
21.859058
21.956785
21.236010
21.167315
21.500666
21.378277
21.368446
22.621525
22.553120
22.470509
22.074135
22.514208
23.362309
23.994669
23.129112
23.909386
23.553246
23.088957
23.634815
23.384180
23.184538
24.344187
24.187599
24.290487
24.669607
24.173437
24.032669
24.116322
24.027800
24.190290
24.730206
25.129095
25.911682
25.033501
25.634666
25.432964
25.364038
25.710943
25.989973
25.371223
26.380749
26.952835
26.602179
26.608105
26.608837
26.592936
26.028748
26.641218
26.382320
26.180054
27.192818
27.197798
27.119295
27.177380
27.448345
27.913908
27.245977
27.371267
27.425734
27.363861
28.139421
28.308092
28.490000
28.967094
28.193624
28.791462
28.264591
28.677893
29.672375
29.801208
29.916418
29.398613
29.746742
29.010633
29.915033
29.419579
30.618118
30.894032
30.182756
30.922148
30.351900
30.369501
30.675787
30.923014
30.718847
30.389999
32.375668
33.413288
33.601715
34.758751
34.905258
34.736778
34.619999
34.775162
35.244305
36.388798
37.712387
37.520000
38.454975
39.828693
40.596672
41.122215
41.332081
41.679855
43.997585
43.017441
44.592533
45.952549
46.966457
47.757278
47.971424
52.415974
81.441963
73.750618
52.128250
0.000000
0.000000
0.000000
0.000000
0.000000
0.000000
0.000000
0.000000
0.000000
0.000000
0.000000
0.000000
0.000000
0.000000
0.000000
0.000000
0.000000
0.000000
0.000000
0.000000
0.000000
0.000000
0.000000
0.000000
0.000000
0.000000
0.000000
0.000000
0.000000
0.000000
2.946274
2.778308
2.775530
2.544561
2.920050
2.971104
2.440000
2.473119
3.932241
3.600000
3.555285
3.436729
3.599226
3.590000
3.328444
3.571516
3.559963
3.427296
3.870991
3.220000
3.240000
3.880700
3.723681
3.861063
3.082396
3.691278
3.761935
3.753953
3.709659
3.154373
3.904983
3.889305
4.431455
4.944273
4.929295
4.898255
4.684004
4.942549
4.772738
4.862881
4.675862
4.543025
4.623855
4.688804
4.842398
4.932991
4.459406
4.744544
4.714524
4.205923
4.305482
4.885386
4.981493
4.502193
4.921754
5.015523
5.609909
5.426727
5.320570
5.499127
5.060622
5.693194
5.064248
5.117852
5.595708
5.546879
5.348752
5.247998
5.262229
5.155616
5.055903
5.234591
5.139310
5.643856
5.625622
5.239087
5.246897
5.883927
5.387418
6.168048
6.281266
6.741118
6.035103
6.461959
6.311714
6.792277
6.343346
6.661214
6.095713
6.522818
6.832361
6.371628
6.131916
7.856341
7.945491
7.169225
7.290784
7.256657
7.124932
7.202431
7.445891
7.644441
7.666975
7.539816
7.380501
7.510238
7.866157
7.067232
7.914999
7.697186
7.369441
7.529855
7.065454
7.595539
7.663041
7.259046
7.925973
8.178308
8.819648
8.187161
8.343101
8.401531
8.305762
8.744593
8.679844
8.806909
8.081830
8.298912
8.341575
8.328457
8.179101
8.022561
8.261475
8.977132
8.460906
8.072078
8.353788
8.268430
8.842610
8.218141
8.238068
8.043795
8.221134
8.001498
8.552478
8.574421
8.779901
8.270336
8.759478
8.649511
8.969507
8.498580
8.210443
8.738134
8.870247
9.251225
9.016050
9.869451
9.359805
9.592916
9.283405
9.882368
9.378501
9.282906
9.014322
9.052264
9.475080
9.763380
9.380732
9.145624
9.517664
9.159580
9.469995
9.131611
9.533307
9.028334
9.071537
9.277357
9.843372
9.763194
9.053835
9.702168
9.635194
9.242475
9.149082
9.157187
9.557603
9.142261
10.764565
10.222247
10.985719
10.961351
10.501612
10.217686
10.386817
10.099685
10.848735
10.018158
10.837940
10.633536
10.072843
10.120486
10.003325
10.522252
10.033144
10.151509
10.477422
10.065530
10.977362
10.528135
10.051833
10.048045
10.495626
10.210919
10.914230
10.949800
10.923783
10.325270
11.758005
11.434991
11.497733
11.147834
11.760553
11.132105
11.319872
11.794313
11.535881
11.572446
11.805085
11.407691
11.338865
11.618747
11.521382
11.974520
11.591941
11.196793
11.314514
11.867798
11.283172
11.177447
11.325679
12.935530
12.809045
12.898417
12.802255
12.877615
12.280438
12.717012
12.399100
12.850202
12.458895
12.440706
12.651247
12.049276
12.454387
12.063908
12.020557
12.602829
12.212967
12.842446
12.640148
12.735404
12.627629
12.951346
12.399816
12.887522
12.606901
12.776237
12.080198
12.522414
12.094467
12.179247
12.475436
12.743640
12.032022
13.927561
13.198753
13.940887
13.736810
13.590490
13.511460
13.350738
13.793755
13.510211
13.429867
13.758879
13.888217
13.882787
13.448275
13.751416
13.776056
13.988773
13.072223
13.035715
13.428843
13.613550
13.697899
13.257507
13.573125
13.186201
13.574343
13.462376
13.312533
13.258370
13.357252
13.695580
13.122267
14.469744
14.506209
14.677169
14.001193
14.671117
14.523557
14.972796
14.991546
14.963273
14.005307
14.584959
14.232256
14.651522
14.120249
14.020100
14.611682
14.080267
14.939079
14.112475
15.439857
15.655005
15.255918
15.783254
15.354127
15.704598
15.578539
15.318528
15.572930
15.113433
15.326444
15.862037
15.643913
15.139987
15.563578
15.372437
15.222924
15.390929
16.555428
16.822104
16.887123
16.759356
16.027079
16.409071
16.765810
16.385143
16.902748
17.820610
17.657114
17.200827
17.752722
17.803194
17.255415
17.156397
17.574854
17.354631
17.811434
17.135057
17.099844
17.136089
17.608631
17.361053
17.045176
17.072237
17.402531
18.534014
18.627277
18.935776
18.053076
18.392637
18.542084
18.913940
18.399157
18.780800
18.993029
18.284393
18.316425
18.974663
18.042471
19.772135
19.570271
19.866344
19.947601
19.875635
19.314730
19.371346
19.794041
19.352047
19.555702
20.797379
20.916422
20.785234
20.648954
20.711258
20.599520
20.010359
20.879131
20.383436
20.966351
20.583683
20.185614
20.321817
20.677795
20.392282
20.946476
20.107187
21.305994
21.241274
21.816633
21.992783
21.763187
21.752083
21.024548
21.565697
21.183168
21.748011
22.687986
22.454981
22.880835
22.680765
22.648211
22.421669
22.774954
22.317230
22.994690
22.847334
23.007587
23.712349
23.138485
23.011263
23.058332
23.824835
23.423611
23.876419
23.173719
23.724327
24.390276
24.754368
24.231802
24.104893
24.754663
24.036522
24.234362
24.263447
24.314232
24.005388
24.583357
25.189650
25.451641
25.451984
25.741909
25.861130
25.662481
25.306015
26.543999
26.497236
27.230377
27.859806
27.333523
27.917286
27.023840
27.947342
27.073435
27.543941
27.396595
27.157597
27.260042
27.033651
27.325731
27.199062
27.793156
27.692459
27.616911
27.288271
27.825363
27.439936
27.250694
27.931187
27.288425
27.180943
27.025475
28.595444
28.253326
28.334299
28.485966
28.259439
28.074471
28.028450
28.010000
28.997414
28.216755
28.107725
28.270634
29.661289
29.183336
29.510286
29.908663
29.840519
29.069448
29.684546
29.215893
30.499632
30.379999
30.033787
30.405317
30.876520
31.194334
31.290001
31.653730
32.998108
32.235195
33.759254
33.061913
33.695648
34.488895
37.362152
37.875439
37.665787
38.544022
39.259773
44.235195
45.691975
46.520275
47.744598
48.348907
48.676826
62.303356
51.126343
82.789948
56.458321
53.469208
86.600143
0.000000
0.000000
0.000000
0.000000
0.000000
0.000000
0.000000
0.000000
0.000000
0.000000
0.000000
0.000000
0.000000
0.000000
0.000000
0.000000
0.000000
0.000000
0.000000
0.000000
0.000000
0.000000
0.000000
0.000000
0.000000
0.000000
0.000000
0.000000
0.000000
0.000000
0.000000
0.000000
0.000000
0.000000
2.520000
2.933101
2.600000
2.690000
2.924767
2.829934
2.990453
2.378193
3.210576
3.289732
3.410931
3.443486
3.317206
3.452885
3.707990
3.872602
3.277469
3.219902
4.775869
4.940217
4.862159
4.662024
4.855946
5.975349
5.924500
5.473121
5.859077
5.500055
5.311225
6.854938
6.355409
6.598062
6.311318
6.456003
6.722461
6.700979
6.868739
6.683587
6.736396
6.084025
6.225784
6.673063
6.618965
6.051655
6.985953
6.533954
6.214784
6.914843
6.935395
7.621759
7.508004
7.891356
7.777884
7.737872
7.426952
7.748545
7.233689
7.487324
7.287067
7.595005
7.206141
7.067303
7.972507
7.017968
7.502845
7.310408
7.000629
7.171485
7.868237
7.576068
7.353932
7.421453
7.848456
7.899801
7.671365
7.496970
7.897583
7.596977
7.829300
7.221358
7.727371
7.029309
7.641533
7.423855
7.342942
7.176104
7.866951
7.249036
7.854522
8.375790
8.831728
8.104029
8.223021
8.786326
8.142301
8.541492
8.427992
8.114882
8.925395
8.529031
8.104834
8.773828
8.801065
8.397371
8.013391
8.190467
8.720407
8.391227
8.552663
8.781872
8.020023
8.680411
8.251568
8.583136
8.575126
8.715769
8.846254
8.742651
8.023528
8.839522
8.331327
8.663677
9.018360
9.082373
9.817346
9.955972
9.368368
9.833098
9.091777
9.689757
9.851067
9.692249
9.878366
9.007126
9.304629
9.885881
9.622577
9.192392
9.382117
9.902742
9.735468
9.261112
9.659698
9.413804
9.235846
9.291197
9.659855
9.514742
9.384188
9.776127
9.072208
9.867193
9.265539
9.264091
9.429080
9.490925
9.041438
9.100387
10.223475
10.539898
10.237232
10.496222
10.444224
10.856740
10.754019
10.264019
10.824136
10.210991
10.818677
10.730644
10.133220
10.560351
10.882465
10.128305
10.451250
10.129019
10.114222
10.215638
10.522666
10.450765
10.243917
10.013041
10.283841
10.309549
11.763144
11.795268
11.205787
11.474650
11.340094
11.892116
11.203695
11.851501
11.570220
11.014467
11.195152
11.882715
11.125426
11.625106
11.584491
11.092405
11.650686
12.839721
12.509600
12.708838
12.902864
12.430650
12.144561
12.602829
12.023590
12.481767
13.157483
13.614718
13.017244
13.995808
13.572064
14.275087
14.678379
14.035681
14.635104
14.002923
14.772407
14.951479
15.652869
15.283363
15.270023
15.056451
15.479267
15.806724
15.776782
16.966917
16.822229
16.861904
16.650007
16.219067
16.875792
17.052628
17.931471
18.993092
18.285574
19.096954
19.711422
22.681778
22.361988
22.754280
24.853313
28.676615
28.264423
30.203789
43.897892
0.000000
0.000000
0.000000
0.000000
0.000000
0.000000
0.000000
0.000000
0.000000
0.000000
0.000000
0.000000
0.000000
0.000000
0.000000
2.549030
2.855735
2.900000
2.790872
2.950369
2.564920
2.773733
2.701605
2.260000
2.701249
2.940453
2.640000
2.830221
2.802516
2.583158
2.920000
2.090000
3.497202
3.474761
3.901851
3.655980
3.180000
3.565205
3.309351
3.555940
3.972493
3.887240
3.306669
3.902784
3.975107
3.799583
3.569054
3.839067
3.901559
3.550848
4.020000
4.361156
4.932661
4.492449
4.619063
4.621972
4.656842
4.583953
4.123564
4.034363
4.853071
5.693147
5.803409
5.498543
5.478353
5.572871
5.048458
5.273801
5.753650
5.419058
5.357793
5.196235
5.963655
6.229508
6.859941
6.259515
6.682719
6.209582
6.471855
6.737234
6.034315
6.474132
6.058243
6.183701
7.754181
7.272293
7.337093
7.219667
7.844378
7.869340
7.020266
7.424605
7.015077
7.529782
7.835478
8.129950
8.998327
8.351814
8.001610
8.309402
8.896008
8.080045
8.631161
8.775618
8.050968
8.710581
8.264089
9.864371
9.950294
9.552332
9.044122
9.649194
9.478320
9.612717
9.423604
9.764762
9.372721
10.766770
10.740171
10.803453
10.993637
10.200072
10.059107
11.623165
11.720813
11.283133
11.634367
11.611059
11.499573
12.866886
12.315491
12.089352
12.074986
12.925169
12.409368
12.633189
12.840513
13.263173
13.693971
13.724407
13.519773
13.447178
13.539598
14.930655
14.765258
14.004289
14.448039
14.270438
14.272810
14.018961
14.048013
14.341607
15.260812
15.557061
16.699240
16.516766
16.367685
16.865128
16.663923
16.380928
16.002583
16.214054
16.618359
16.310335
17.408607
17.068630
17.783306
17.512041
17.948477
18.335909
18.251234
19.793125
20.908503
20.280508
21.136974
22.249241
22.574230
23.423792
23.366686
23.656879
24.111507
25.994583
25.022221
25.619038
25.885834
26.688311
26.311399
26.260735
26.123634
27.107618
27.671839
27.918531
27.505253
27.499260
27.836313
28.075588
28.904335
28.778757
28.872038
28.981474
28.004999
29.276154
29.644260
29.512114
29.653255
29.622602
29.912554
29.153439
30.158936
30.274078
30.192835
31.191055
31.128265
31.967918
32.866180
32.002769
33.815807
34.694458
0.000000
0.000000
0.000000
0.000000
0.000000
0.000000
0.000000
0.000000
0.000000
0.000000
0.000000
0.000000
0.000000
0.000000
0.000000
0.000000
0.000000
0.000000
0.000000
0.000000
0.000000
2.836159
2.723383
2.616871
2.873089
2.811855
2.710000
2.712423
3.461503
4.447396
5.796485
5.280478
6.531894
6.262235
6.186772
7.806655
7.926461
7.532196
7.365598
7.521736
8.179662
8.103054
8.426725
8.667479
8.692876
9.465592
13.111606
0.000000
0.000000
0.000000
0.000000
0.000000
0.000000
0.000000
0.000000
0.000000
0.000000
