0
0
0.00280606837520566
0.0123783280004576
0.0527971522107041
0.0795759270287639
0.0990838220400857
0.107676985865356
0.0893265099440469
0.0618781816407761
0.0433729345620817
0.036088596393832
0.0331277568612409
0.0334036532722324
0.0329191522578084
0.0324514741952741
0.0316910767698587
0.0315194826605835
0.0316002328296542
0.030274584220744
0.0297665310736744
0.0274079532187354
0.0241577589136411
0.0201774484965328
0.0153492613041825
0.0111031482472166
0.00755686998886321
0.00579382463082032
0.0042629360088556
0.00379525794632132
0.00243596343363177
0.00133910697042189
0.000857970546375832
0.000736845292769832
0.000437396749132777
0.000319636085904722
0.000248979687967888
0.000265802639857611
0.000161500338141333
0.000168229518897222
0.000124489843983944
0.000104302301716278
8.74793498265554e-05
0.000117760663228055
0.000137948205495722
7.73855786927221e-05
6.05626268029999e-05
5.3833446047111e-05
8.74793498265554e-05
3.70104941573888e-05
4.71042652912221e-05
6.72918075588887e-05
5.3833446047111e-05
4.37396749132777e-05
1.34583615117777e-05
0.000100937711338333
6.39272171809443e-05
3.70104941573888e-05
2.01875422676666e-05
2.01875422676666e-05
1.68229518897222e-05
6.72918075588887e-06
3.36459037794444e-06
1.34583615117777e-05
2.35521326456111e-05
3.36459037794444e-06
3.36459037794444e-05
1.68229518897222e-05
3.36459037794444e-06
3.36459037794444e-06
3.36459037794444e-06
1.68229518897222e-05
1.00937711338333e-05
1.00937711338333e-05
3.36459037794444e-06
1.34583615117777e-05
6.72918075588887e-06
3.36459037794444e-06
1.68229518897222e-05
1.34583615117777e-05
1.00937711338333e-05
6.72918075588887e-06
2.01875422676666e-05
0
6.72918075588887e-06
1.34583615117777e-05
3.36459037794444e-06
0
6.72918075588887e-06
3.36459037794444e-06
6.72918075588887e-06
0
0
0
3.36459037794444e-06
0
0
0
0
3.36459037794444e-06
3.36459037794444e-06
0
6.72918075588887e-06
1.34583615117777e-05
0
0
0
0
0
0
0
0
0
0
0
0
0
0
0
0
0
0
0
0
0
0
0
0
0
0
0
0
0
0
0
0
0
0
0
0
0
0
0
0
0
0
0
0
0
0
0
0
0
0
0
0
0
0
0
0
0
0
0
0
0
0
0
0
0
0
0
0
0
0
0
0
0
0
0
0
0
0
0
0
0
0
0
0
0
0
0
0
0
0
0
0
0
0
0
0
0
0
0
0
0
0
0
0
0
0
0
0
0
0
0
0
0
0
0
0
0
0
0
0
0
0
0
0
0
0
0
0
0
0
0
0
0
0
0
0
0
0
0
0
0
0
0
0
0
0
0
0
0
0
0
0
0
0
0
0
0
0
0
0
0
0
0
0
0
0
0
0
0
0
0
0
0
0
0
0
0
0
0
0
0
0
0
0
0
0
0
0
0
0
0
0
0
0
0
0
0
0
0
0
0
0
0
0
0
0
0
0
0
0
0
0
0
0
0
0
0
0
0
0
0
0
0
0
0
0
0
0
0
0
0
0
0
0
0
0
0
0
0
0
0
0
0
0
0
0
0
0
0
0
0
0
0
0
0
0
0
0
0
0
0
0
0
0
0
0
0
0
0
0
0
0
0
0
0
0
0
0
0
0
0
0
0
0
0
0
0
0
0
0
0
0
0
0
0
0
0
0
0
0
0
0
0
0
0
0
0
0
0
0
0
0
0
0
0
0
0
0
0
0
0
0
0
0
0
0
0
0
0
0
0
0
0
0
0
0
0
0
0
0
0
0
0
0
0
0
0
0
0
0
0
0
0
0
0
0
0
0
0
0
0
0
0
0
0
0
0
0
0
0
0
0
0
0
0
0
0
0
0
0
0
0
0
0
0
0
0
0
0
0
0
0
0
0
0
0
0
0
0
0
0
0
0
0
0
0
0
0
0
0
0
0
0
0
0
0
0
0
0
0
0
0
0
0
0
0
0
0
0
0
0
0
0
0
0
0
0
0
0
0
0
0
0
0
0
0
0
0
0
0
0
0
0
0
0
0
0
0
0
0
0
0
0
0
0
0
0
0
0
0
0
0
0
0
0
0
0
0
0
0
0
0
0
0
0
0
0
0
0
0
0
0
0
0
0
0
0
0
0
0
0
0
0
0
0
0
0
0
0
0
0
0
0
0
0
0
0
0
0
0
0
0
0
0
0
0
0
0
0
0
0
0
0
0
0
0
0
0
0
0
0
0
0
0
0
0
0
0
0
0
0
0
0
0
0
0
0
0
0
0
0
0
0
0
0
0
0
0
0
0
0
0
0
0
0
0
0
0
0
0
0
0
0
0
0
0
0
0
0
0
0
0
0
0
0
0
0
0
0
0
0
0
0
0
0
0
0
0
0
0
0
0
0
0
0
0
0
0
0
0
0
0
0
0
0
0
0
0
0
0
0
0
0
0
0
0
0
0
0
0
0
0
0
0
0
0
0
0
0
0
0
0
0
0
0
0
0
0
0
0
0
0
0
0
0
0
0
0
0
0
0
0
0
0
0
0
0
0
0
0
0
0
0
0
0
0
0
0
0
0
0
0
0
0
0
0
0
0
0
0
0
0
0
0
0
0
0
0
0
0
0
0
0
0
0
0
0
0
0
0
0
0
0
0
0
0
0
0
0
0
0
0
0
0
0
0
0
0
0
0
0
0
0
0
0
0
0
0
0
0
0
0
0
0
0
0
0
0
0
0
0
0
0
0
0
0
0
0
0
0
0
0
0
0
0
0
0
0
0
0
0
0
0
0
0
0
0
0
0
0
0
0
0
0
0
0
0
0
0
0
0
0
0
0
0
0
0
0
0
0
0
0
0
0
0
0
0
0
0
0
0
0
0
0
0
0
0
0
0
0
0
0
0
0
0
0
0
0
0
0
0
0
0
0
0
0
0
0
0
0
0
0
0
0
0
0
0
0
0
0
0
0
0
0
0
0
0
0
0
0
0
0
0
0
0
0
0
0
0
0
0
0
0
0
0
0
0
0
0
0
0
0
0
0
0
0
