-9999
-9999
-9999
-9999
-9999
32
-9999
-9999
-9999
-9999
44
-9999
34
-9999
51
-9999
-9999
-9999
-9999
-9999
25
22
-9999
35
-9999
-9999
46
47
37
17
48
47
-9999
65
51
-9999
38
71
34
89
62
42
-9999
85
111
-9999
97
71
158
61
114
121
71
108
88
105
86
65
190
96
91
69
216
99
94
95
204
110
138
128
138
161
107
120
172
125
94
141
5
-1
-9999
-9999
-9999
-9999
-9999
-9999
28
-9999
44
-9999
-9999
39
38
32
-9999
-9999
40
72
45
47
44
54
39
9
115
48
6
58
51
53
42
-9999
53
43
61
43
55
50
-9999
188
81
48
75
104
69
72
81
50
85
87
66
88
99
105
100
74
73
66
59
95
92
68
77
113
189
81
107
95
81
133
135
219
91
177
133
88
95
147
194
146
112
85
142
144
98
108
98
120
91
133
88
97
180
145
105
109
136
208
135
191
103
107
136
176
168
118
128
146
121
201
152
171
111
178
148
174
144
154
131
133
117
130
115
196
115
156
176
162
136
163
192
180
175
144
197
69
175
147
158
167
203
155
180
156
211
196
136
165
88
143
141
172
193
168
175
158
209
191
195
231
197
223
256
167
145
216
221
175
180
183
185
110
204
203
92
138
232
237
304
309
245
314
215
254
189
284
264
134
241
310
300
288
-9999
-9999
-9999
-9999
-9999
-9999
-9999
-9999
-9999
-9999
-9999
-9999
-9999
-9999
-9999
-9999
-9999
-9999
-9999
-9999
58
31
88
131
-9999
97
-9999
-9999
94
55
-9999
-9999
101
104
74
-9999
-9999
52
60
-9999
55
-9999
84
108
53
39
80
73
33
73
73
50
-9999
69
58
58
55
46
62
51
41
85
84
70
63
14
62
74
69
91
176
81
144
74
162
62
92
97
75
117
114
90
81
94
162
126
69
107
127
113
106
124
128
125
103
94
139
208
151
193
250
110
131
109
109
180
78
91
164
97
103
134
156
76
145
145
141
84
146
106
196
117
127
114
125
138
180
142
112
191
93
161
132
75
207
151
118
100
136
115
-9999
106
64
115
162
168
165
114
122
132
89
98
131
134
98
170
117
147
112
120
232
111
123
135
79
116
132
177
71
140
168
133
94
113
126
213
183
124
189
96
153
138
175
127
109
148
128
134
150
104
138
115
119
143
119
88
181
199
174
230
159
64
165
97
132
125
88
170
-9999
131
60
162
191
157
112
233
193
127
-9999
218
162
99
139
110
151
170
199
212
126
120
149
101
194
170
104
161
162
176
173
189
137
231
110
117
155
125
142
157
200
130
192
199
209
204
-9999
192
177
162
165
103
243
132
187
146
179
166
144
182
225
162
131
172
202
123
169
134
239
169
209
150
173
93
162
145
175
210
160
205
134
130
216
154
135
188
143
98
126
215
154
169
128
131
113
151
144
141
152
84
217
237
180
197
199
153
102
128
169
103
166
151
110
139
228
166
156
194
199
145
116
164
153
174
195
168
173
170
206
174
270
180
174
186
186
202
184
176
223
152
226
205
212
132
184
161
175
152
191
213
153
163
233
155
155
201
131
136
264
179
233
168
187
194
152
158
171
178
240
196
115
135
186
215
188
200
180
216
150
129
216
196
259
226
196
188
227
159
204
132
169
202
156
154
129
140
145
168
187
176
240
186
239
186
199
258
205
185
227
207
200
150
210
230
230
187
203
186
190
210
235
187
210
236
177
229
221
156
221
266
219
224
257
221
232
234
152
199
243
177
177
230
225
177
238
161
211
200
221
227
182
184
258
222
218
237
180
274
207
241
187
213
201
222
220
200
204
313
189
187
233
228
235
211
202
189
151
202
224
208
222
226
210
240
229
176
280
198
229
184
264
184
192
184
184
168
156
244
166
186
194
317
214
247
226
235
248
216
226
226
272
235
238
215
215
211
176
221
220
193
216
235
184
236
206
219
198
181
237
223
168
295
142
245
220
226
187
222
153
242
251
245
218
220
253
323
219
252
306
215
156
312
267
217
261
263
256
236
229
301
198
237
252
190
190
202
180
240
209
274
270
242
237
206
286
234
267
216
317
214
197
242
273
254
183
267
268
202
258
219
231
148
242
283
317
-9999
-9999
-9999
-9999
-9999
-9999
-9999
-9999
-9999
-9999
-9999
-9999
-9999
-9999
-9999
-9999
-9999
-9999
-9999
-9999
-9999
-9999
-9999
-9999
-9999
-9999
-9999
-9999
-9999
-9999
-9999
60
46
38
-9999
65
47
-9999
106
73
-9999
-9999
195
109
40
61
59
51
62
45
39
61
49
48
74
94
-9999
38
47
77
44
53
107
57
90
47
58
65
83
55
-9999
60
23
76
58
49
64
-9999
111
-9999
76
69
74
69
50
84
85
76
55
94
60
61
-9999
98
87
105
75
97
123
-9999
96
119
107
66
84
100
141
121
77
79
87
58
115
101
109
107
86
86
103
83
69
102
150
94
250
114
118
76
105
114
121
132
98
139
82
69
97
79
88
71
171
88
-9999
137
115
121
209
81
111
118
100
130
69
110
94
142
131
-9999
132
123
74
119
196
134
124
157
112
157
132
160
68
118
82
85
149
125
92
137
149
-9999
93
147
220
172
120
127
143
227
149
99
193
193
114
98
106
-9999
168
199
226
181
158
139
155
146
121
185
170
143
199
177
236
179
126
186
110
170
126
203
179
92
180
198
139
147
133
160
178
210
178
201
179
148
202
182
211
169
180
215
233
143
209
189
205
210
188
192
224
211
224
214
177
167
222
222
204
120
148
220
178
216
194
221
222
146
210
255
175
185
212
208
201
233
243
164
149
189
208
182
228
177
190
190
214
192
204
164
209
142
210
204
217
221
185
215
144
196
208
208
91
189
202
190
200
256
212
197
173
182
179
200
198
176
176
181
231
170
227
189
182
197
179
185
217
152
173
239
210
249
198
180
196
150
158
175
214
215
193
146
187
197
178
208
191
188
203
153
215
200
183
231
174
187
234
208
190
200
185
257
191
177
210
218
204
202
107
200
176
194
190
226
230
186
172
231
217
201
218
188
172
234
219
216
237
176
233
205
201
192
180
223
202
183
181
140
202
207
200
188
187
170
240
178
214
191
218
157
206
196
211
204
116
219
219
224
161
190
181
190
225
189
154
197
199
165
211
227
180
187
206
207
224
204
216
234
187
189
171
205
236
221
191
225
189
162
216
206
217
199
174
213
216
196
177
225
187
201
233
190
203
167
199
223
215
227
280
216
213
198
201
203
181
204
227
241
233
193
214
246
230
190
170
251
209
204
102
195
194
252
205
189
190
231
234
186
216
180
156
128
201
219
164
204
174
207
143
220
218
197
211
196
201
199
184
214
217
182
194
230
232
247
238
211
204
230
173
206
190
216
193
204
174
208
209
196
211
178
161
197
242
179
199
209
159
210
200
161
178
231
195
199
228
200
159
167
291
225
197
206
212
195
179
208
214
232
197
237
238
217
182
243
219
168
194
181
238
236
229
200
198
225
215
248
223
206
226
237
190
260
188
187
230
211
195
206
166
192
228
197
192
170
242
213
237
213
234
227
244
211
197
162
222
194
175
253
196
236
231
224
219
202
236
229
172
200
219
201
230
193
186
176
224
266
273
219
226
185
207
219
245
170
162
220
196
198
191
215
214
221
230
234
207
208
193
224
228
230
219
217
211
228
227
202
233
220
216
218
208
202
187
222
225
223
213
197
227
262
232
213
242
178
179
215
214
208
248
188
191
232
242
218
175
221
193
211
217
227
213
207
197
216
205
223
198
201
213
216
232
237
176
195
166
229
172
221
218
214
210
220
227
233
184
201
210
240
179
201
207
197
160
194
183
204
199
217
225
212
209
248
208
262
198
214
214
195
214
221
213
230
198
204
256
189
224
202
250
222
209
229
218
207
232
211
239
216
206
235
185
212
241
228
251
239
199
226
223
209
230
253
220
205
191
215
231
220
228
235
225
227
194
188
190
227
203
204
206
241
165
201
249
191
169
222
206
202
211
206
184
187
178
214
197
230
238
196
195
249
189
242
234
213
197
244
221
230
208
184
241
253
192
218
234
212
263
237
255
195
250
210
255
226
173
225
172
216
224
194
189
182
206
183
232
220
232
247
168
256
195
250
227
230
214
215
234
229
190
207
214
250
220
212
218
212
224
237
249
242
237
216
219
186
229
192
224
198
220
198
238
219
223
231
301
173
237
245
208
229
211
225
213
248
231
201
175
200
232
224
201
210
249
209
238
219
285
222
220
174
313
258
228
212
227
230
248
238
226
255
217
201
235
218
240
284
261
220
228
182
230
202
188
164
202
214
214
218
269
243
255
213
210
171
238
215
251
200
242
238
231
210
219
239
228
196
222
234
163
235
192
216
203
241
190
184
261
206
312
260
193
291
225
252
218
206
209
230
223
264
213
206
223
242
235
192
233
262
200
204
256
227
227
198
203
235
249
239
206
274
210
206
201
220
244
220
235
232
223
210
284
214
229
231
216
181
278
228
224
226
217
237
241
221
220
262
175
191
220
213
197
217
241
223
221
222
222
254
213
246
255
156
217
268
212
213
232
262
292
200
194
253
227
278
209
247
209
261
226
235
206
213
272
210
245
245
239
174
233
253
225
217
197
237
174
191
272
248
194
263
227
286
199
230
252
238
169
216
231
219
205
253
199
224
228
233
278
199
204
253
221
205
216
175
236
242
222
253
242
226
220
155
192
229
243
217
237
233
241
269
231
237
244
195
239
198
235
250
261
278
221
260
221
231
231
247
248
222
209
219
263
230
237
229
224
208
251
229
222
243
237
221
253
249
234
197
288
222
158
220
258
207
196
260
207
234
219
225
205
243
231
264
234
261
252
314
224
208
230
292
238
249
212
257
240
194
266
228
225
282
267
187
245
196
245
235
257
221
234
221
207
168
228
251
268
231
223
233
255
227
302
242
200
245
306
214
214
239
232
229
244
245
235
259
295
235
238
241
262
302
192
229
180
267
251
215
238
239
258
279
218
250
217
235
223
207
234
176
207
240
223
219
236
220
270
216
248
222
226
238
225
236
221
225
216
216
208
230
256
226
216
198
293
224
257
247
222
228
266
229
260
241
257
216
244
250
233
216
226
246
239
245
245
234
203
198
235
234
235
254
254
222
234
212
242
219
224
294
206
245
226
239
238
264
226
247
259
226
253
222
171
240
235
254
259
259
223
257
240
220
246
295
238
214
204
166
193
268
249
237
253
230
232
251
248
230
240
242
253
201
258
260
219
243
239
234
236
212
254
307
262
228
199
183
263
248
233
263
271
231
245
219
267
202
257
172
229
234
216
259
197
301
230
268
213
247
211
250
249
201
258
217
243
268
192
240
196
242
239
253
262
294
239
246
239
238
208
272
243
227
212
233
334
278
253
207
250
231
242
264
226
219
232
239
196
247
225
216
239
204
227
234
263
215
305
267
170
203
179
250
186
260
245
294
213
260
171
280
273
187
212
238
238
252
193
270
322
210
279
240
243
283
247
255
249
201
212
243
244
325
181
267
203
234
230
239
203
242
222
264
269
238
274
215
245
193
279
234
227
174
234
213
266
223
258
287
330
240
281
238
216
257
173
290
251
291
292
314
261
323
179
345
283
267
151
276
260
-9999
-9999
-9999
-9999
-9999
-9999
-9999
-9999
-9999
-9999
-9999
-9999
-9999
-9999
-9999
-9999
-9999
-9999
-9999
-9999
-9999
-9999
-9999
-9999
78
62
-9999
126
30
29
-9999
108
20
57
38
38
-9999
41
64
-9999
52
63
66
43
28
100
47
194
48
48
52
42
74
43
62
82
-9999
46
60
61
-9999
51
32
66
83
105
79
169
70
61
194
103
59
81
181
95
139
58
55
151
137
100
72
69
91
74
68
196
110
110
130
163
100
95
-9999
136
197
132
95
191
113
132
102
101
150
143
196
154
90
155
94
116
134
158
127
77
62
132
93
129
184
147
126
148
132
163
175
93
209
193
181
136
175
115
167
114
109
161
161
130
89
83
249
136
123
162
71
189
118
100
233
176
190
124
152
196
177
139
127
99
185
150
190
188
169
129
219
144
159
131
155
162
65
160
179
52
104
173
177
202
103
57
122
170
127
101
154
183
163
196
190
97
118
171
123
141
184
170
139
127
203
163
153
164
166
124
188
155
172
201
143
138
138
162
202
151
200
148
208
212
131
147
203
155
166
155
213
146
201
201
101
166
191
190
167
156
162
163
113
153
160
146
211
136
143
193
189
195
150
120
135
170
176
237
210
189
126
185
196
204
173
231
204
200
160
142
157
202
147
158
172
183
203
166
190
108
105
168
141
237
99
198
144
195
222
184
105
139
167
226
183
218
175
251
163
207
160
186
161
163
193
188
218
222
192
182
145
241
211
186
202
187
290
170
202
179
144
173
230
215
189
121
193
222
190
204
182
190
214
173
169
130
149
174
148
187
162
93
208
233
161
169
165
198
223
181
139
195
188
122
176
162
198
194
233
220
194
166
202
171
188
121
207
207
206
198
178
204
159
149
174
234
181
109
217
192
124
198
187
209
147
253
183
200
207
195
204
209
180
200
178
183
227
251
112
198
198
158
190
182
207
147
193
221
129
185
206
208
214
205
127
193
242
224
204
193
211
176
173
191
155
158
193
169
154
189
193
175
112
197
185
158
191
161
210
233
232
226
206
227
185
184
210
171
141
205
185
209
153
248
217
162
202
195
144
173
174
167
190
173
141
244
192
190
217
193
229
167
143
196
230
197
220
140
137
198
172
181
179
183
166
235
185
128
172
229
175
205
229
227
166
231
201
238
213
246
194
213
196
243
181
201
189
239
168
224
162
211
151
173
152
194
210
215
199
143
234
229
143
201
156
187
186
181
193
243
199
188
198
205
228
218
211
179
202
192
154
213
188
219
199
203
238
218
223
187
212
190
200
196
181
202
190
189
208
135
159
122
212
170
209
200
139
199
205
197
224
170
184
164
212
192
207
188
177
217
186
241
214
246
177
189
220
188
240
204
195
210
230
173
216
158
186
157
204
190
202
236
206
177
211
237
153
233
155
188
264
221
217
196
210
188
197
152
151
225
189
192
219
171
189
204
239
212
218
202
219
176
190
237
221
197
207
231
179
173
149
159
200
191
215
198
234
223
203
150
231
154
227
214
205
189
156
184
189
213
163
187
162
186
227
217
247
221
206
271
246
220
226
237
222
218
200
187
238
222
210
215
171
237
257
190
197
239
139
171
176
193
179
185
215
256
193
174
161
225
248
189
224
225
146
226
239
214
149
211
217
200
202
211
205
183
204
204
209
201
203
180
184
216
207
193
216
257
177
250
158
223
178
201
204
216
204
228
235
221
215
222
232
184
188
188
177
205
202
187
204
181
182
263
235
213
166
184
210
184
203
221
231
195
227
211
209
220
235
200
206
211
238
244
248
232
173
246
200
190
233
214
197
215
206
225
250
246
219
227
199
228
195
253
166
213
200
217
158
224
209
189
216
205
263
221
203
207
229
201
224
207
233
193
219
230
192
209
193
210
234
210
225
193
209
249
175
204
208
222
197
225
243
150
228
209
228
206
171
223
254
220
224
195
202
226
226
208
233
200
195
213
250
226
239
255
159
206
243
230
141
215
230
151
208
211
198
223
238
227
188
238
259
254
193
261
153
201
228
187
205
214
224
219
227
213
233
179
206
221
203
223
184
206
190
229
244
206
182
238
199
208
245
243
233
213
224
218
192
234
255
174
201
217
229
216
216
199
208
187
156
219
247
216
237
206
211
223
205
233
231
213
217
150
270
220
253
255
213
233
201
159
228
239
209
224
228
233
225
237
253
207
196
200
235
229
266
226
210
216
213
226
258
195
123
243
216
196
230
277
186
142
215
207
167
174
230
253
248
227
188
216
228
236
236
214
184
239
224
207
211
249
227
200
219
225
205
227
265
187
225
227
171
204
225
236
227
192
213
234
226
218
218
188
220
217
209
236
167
260
271
243
239
195
190
255
194
247
223
194
183
267
195
236
243
265
222
170
243
196
251
253
219
266
233
223
205
198
189
165
174
245
175
233
215
234
214
200
190
295
181
224
210
216
223
192
196
226
223
237
204
248
280
213
243
259
251
163
209
277
209
160
228
191
249
192
231
243
212
211
253
207
201
246
154
251
166
220
250
223
268
231
223
183
217
222
228
227
245
231
218
255
192
277
231
242
269
239
211
245
200
224
205
200
251
250
248
241
223
203
283
246
234
240
205
264
237
249
213
219
173
202
168
252
222
245
270
223
265
274
196
213
213
258
233
258
276
210
255
227
225
155
231
239
194
252
208
248
274
222
231
233
196
297
280
239
242
188
231
240
245
256
209
219
181
235
226
295
307
200
275
238
272
252
207
192
206
276
296
255
186
204
269
251
272
210
61
-9999
-9999
-9999
-9999
-9999
-9999
-9999
-9999
-9999
-9999
-9999
-9999
-9999
-9999
-9999
-9999
-9999
-9999
-9999
37
72
-9999
-9999
-9999
-9999
-9999
-9999
59
-9999
31
52
-9999
53
-9999
33
6
-9999
48
25
-9999
33
13
55
-9999
39
56
23
39
38
53
53
57
30
72
-9999
37
57
117
52
37
45
59
61
53
-9999
81
88
44
36
43
38
75
99
66
56
60
90
75
74
59
91
68
62
79
93
86
69
60
67
96
80
70
70
75
57
74
116
76
84
74
82
70
115
70
73
88
75
81
146
90
123
65
164
124
179
166
155
68
126
159
169
138
131
188
191
78
152
176
14
63
113
-9999
-9999
-9999
-9999
12
-9999
-9999
-9999
24
55
87
50
35
56
-9999
32
64
39
54
45
13
48
41
78
48
-9999
37
65
58
36
-9999
93
28
43
43
20
72
90
80
41
7
76
134
-9999
57
16
52
58
78
47
66
64
47
66
29
33
40
41
92
64
60
38
46
38
67
60
54
60
61
59
56
27
75
57
123
69
64
77
83
64
40
50
46
117
-9999
85
62
67
73
42
63
93
49
83
64
48
86
75
73
57
95
116
44
34
46
-9999
165
49
48
75
80
147
100
58
74
140
63
50
97
55
83
55
63
-9999
87
69
77
100
68
86
53
69
143
3
88
108
89
106
85
116
145
76
74
81
98
71
118
70
72
93
99
102
67
82
161
66
76
79
84
99
151
88
121
103
110
111
65
60
187
90
54
185
93
103
122
98
217
147
149
176
152
140
112
176
198
182
204
151
119
182
167
152
111
147
137
207
99
91
132
205
187
134
202
123
175
162
199
131
132
103
186
182
172
133
151
152
155
107
161
178
156
167
184
222
193
108
193
216
205
153
158
196
211
201
199
200
155
220
190
239
197
166
195
148
130
174
173
193
161
167
203
149
185
283
263
240
217
223
143
239
203
241
179
248
212
208
198
222
271
240
264
196
140
262
192
223
212
245
209
257
213
148
209
252
246
234
239
192
230
81
244
174
271
236
213
218
182
258
228
242
198
209
243
288
247
156
208
276
54
263
240
197
163
265
297
-9999
-9999
-9999
-9999
40
-9999
3
-9999
26
30
-9999
-9999
-9999
-9999
-9999
-9999
-9999
-9999
-9999
-9999
51
14
37
49
30
73
57
83
64
59
29
40
-9999
24
33
-9999
24
34
38
98
61
53
-2
47
32
58
112
33
100
39
60
97
95
16
45
68
127
54
140
33
33
98
219
-9999
58
33
110
-9999
38
-9999
32
26
83
-9999
62
51
37
190
32
69
39
75
44
127
43
53
49
97
62
44
62
71
43
66
89
52
50
95
52
108
109
40
47
68
50
209
68
79
68
69
47
93
84
58
74
52
96
47
97
113
76
54
59
61
60
107
54
35
64
75
67
49
61
70
70
58
72
92
51
57
56
94
98
73
64
88
87
57
86
50
61
78
86
97
67
75
80
88
76
107
93
60
91
77
84
113
70
75
80
74
79
68
79
46
56
78
115
201
77
77
100
69
111
104
112
81
49
84
71
92
111
67
73
118
96
87
94
84
101
56
79
77
165
49
98
95
90
205
94
139
116
121
88
111
145
171
91
117
112
154
114
193
156
52
125
165
221
172
129
180
178
158
177
140
226
164
138
150
121
130
119
108
149
184
116
245
224
109
101
145
203
140
162
179
188
170
193
195
184
141
138
226
150
241
144
149
166
171
202
212
190
68
184
204
240
141
208
191
226
164
163
158
230
212
237
180
266
252
223
169
226
179
216
233
219
255
208
220
204
212
241
219
189
199
252
251
199
149
218
232
229
-9999
228
242
190
238
215
154
204
228
235
242
223
218
257
187
242
222
216
273
293
308
249
257
235
257
223
197
239
296
254
304
230
202
195
266
261
281
229
165
271
251
218
221
255
168
186
268
186
228
215
215
165
259
233
228
238
221
198
131
215
294
324
157
278
285
250
286
265
250
232
272
281
215
331
293
227
290
321
297
224
241
286
292
289
187
280
290
183
240
-9999
-9999
-9999
-9999
-9999
-1
-9999
-9999
-1
-9999
-9999
-9999
22
-9999
18
-9999
26
18
-9999
40
52
40
39
104
58
90
32
34
64
37
49
-9999
-9999
-9999
66
7
49
-9999
67
47
99
37
55
45
36
28
-9999
56
46
58
50
-9999
75
65
49
65
49
77
63
74
74
28
47
53
45
69
45
68
50
59
77
61
69
67
60
61
54
41
61
22
100
68
82
62
80
58
139
59
15
75
102
85
55
105
69
51
70
66
42
51
34
38
87
83
113
65
69
58
97
75
81
57
51
59
75
57
81
113
67
51
83
142
89
93
74
81
87
84
71
57
65
106
64
94
54
63
67
51
73
67
108
57
60
69
74
124
96
60
70
78
107
65
93
61
57
103
77
93
113
81
48
66
73
60
95
122
68
72
81
127
41
-9999
62
68
87
79
76
89
99
86
54
210
80
62
52
133
78
101
86
69
94
93
150
125
112
115
131
131
124
73
157
142
111
155
171
110
116
133
156
-9999
123
244
107
148
138
103
117
131
111
141
162
177
240
161
134
154
201
138
241
197
217
182
224
121
135
256
207
95
224
148
208
224
197
184
228
220
270
214
257
205
202
213
190
207
209
242
204
197
208
184
113
201
204
259
196
163
136
162
180
224
200
231
168
198
221
189
247
209
206
188
191
244
222
204
217
244
214
288
197
223
229
225
243
221
195
199
219
208
265
234
209
240
190
261
165
213
213
193
212
190
271
192
248
232
173
253
301
259
237
232
207
264
255
148
255
207
212
246
156
242
179
182
232
245
180
154
273
254
243
199
195
188
215
259
269
261
221
219
275
239
256
213
234
164
277
233
-9999
-9999
-9999
-9999
-9999
1
-9999
-9999
0
-9999
76
-9999
-9999
-9999
53
4
-9999
-9999
-9999
-9999
16
68
99
60
55
193
83
62
86
114
80
36
61
147
73
45
76
75
35
73
42
69
67
-9999
86
100
43
58
54
57
60
53
53
49
32
50
70
57
57
60
54
51
69
57
90
66
54
108
116
95
63
31
53
162
128
118
112
129
156
62
120
57
95
49
85
103
155
127
138
101
124
44
109
77
221
198
118
147
214
194
144
187
183
206
164
242
137
196
161
203
175
169
234
114
161
233
211
240
182
139
192
178
188
77
256
232
165
192
143
92
216
254
222
212
190
205
167
202
184
234
186
216
211
191
222
217
179
223
203
241
237
196
228
181
191
195
212
166
231
185
213
219
215
208
195
205
209
206
192
215
269
234
243
200
231
141
127
207
231
208
230
250
234
203
188
234
235
216
195
250
199
253
212
226
226
240
220
218
227
303
203
187
242
208
246
247
264
250
225
232
205
217
165
240
80
157
252
224
225
201
271
288
217
227
179
174
241
261
269
238
229
317
115
230
277
216
207
225
221
195
251
261
256
231
300
222
242
275
275
239
209
288
216
255
216
106
240
205
195
178
254
276
130
184
209
189
161
132
338
260
147
246
290
301
296
242
291
315
284
239
274
306
313
273
185
-9999
49
-9999
-9999
-9999
-9999
-9999
-9999
71
-9999
-9999
-9999
-9999
-9999
-9999
-9999
-9999
-9999
-9999
5
-9999
-9999
-9999
-9999
-9999
-9999
8
83
-9999
8
-9999
-9999
-9999
56
53
59
86
109
49
66
42
60
68
66
92
67
45
-9999
64
-9999
-9999
98
80
44
38
-9999
66
-9999
108
78
147
77
51
64
59
39
66
42
42
75
58
43
49
82
92
64
37
68
39
-9999
71
69
60
53
60
42
64
42
72
48
54
71
52
60
27
56
40
39
51
34
46
33
86
68
63
35
45
104
46
89
69
50
-9999
81
97
-9999
68
152
-9999
98
103
73
69
148
116
97
82
77
101
105
80
87
81
110
-9999
124
82
81
91
71
127
83
94
163
120
127
126
80
57
62
103
69
120
102
78
111
153
116
94
187
92
98
145
109
123
157
108
-9999
99
97
91
116
84
77
83
112
97
84
85
116
104
89
99
175
112
138
102
166
71
74
85
108
91
83
174
181
114
91
85
119
75
115
94
66
82
63
111
79
111
111
57
153
88
79
93
87
111
129
138
169
84
119
147
215
93
127
181
111
109
145
151
192
82
107
31
197
131
149
107
116
111
171
116
99
104
147
114
-9999
181
155
161
115
118
145
138
120
135
164
99
231
156
159
155
76
112
89
70
125
200
177
147
109
166
220
85
186
148
192
107
99
204
193
125
174
159
117
141
175
255
104
172
142
89
145
118
167
121
186
211
153
201
192
156
110
217
177
204
104
142
225
188
130
86
222
126
91
104
161
158
89
169
123
151
165
213
160
192
98
188
157
202
149
108
177
181
93
112
149
177
39
103
184
222
153
174
235
98
205
143
148
205
157
116
190
132
220
147
186
216
236
198
176
253
155
193
119
204
140
201
81
106
121
152
163
258
230
173
208
166
176
211
168
225
189
170
219
149
176
234
173
193
155
233
213
211
130
165
179
197
109
147
166
179
125
163
178
139
113
301
180
200
205
255
164
208
101
198
196
306
197
201
212
174
207
219
239
249
216
169
194
172
166
201
233
195
181
206
174
227
192
200
216
234
204
190
181
200
170
206
242
239
228
187
170
204
173
199
151
205
138
187
211
151
193
258
192
172
227
191
134
168
201
182
244
231
210
200
194
190
223
208
197
325
172
277
230
244
212
212
173
254
234
227
262
254
220
265
210
233
218
208
221
179
226
193
223
252
297
212
286
225
213
202
253
188
201
226
169
227
210
305
256
321
234
204
213
192
278
257
241
281
214
287
255
277
186
247
268
230
255
205
281
181
234
209
199
232
253
173
240
282
308
243
229
156
225
228
240
290
279
226
279
287
203
198
237
179
282
-9999
-9999
-9999
-9999
-9999
-9999
-9999
-9999
-9999
-9999
-9999
-9999
-9999
-9999
-9999
-3
-9999
-9999
-9999
-9999
-9999
-9999
-9999
-9999
-9999
-9999
-9999
-9999
-9999
-9999
-9999
-9999
-9999
-9999
-9999
80
-9999
78
30
-9999
57
-9999
72
49
55
34
58
72
73
45
41
80
63
87
146
36
140
87
92
74
71
66
60
119
110
91
65
42
96
110
77
50
96
92
126
95
74
127
84
68
68
83
69
113
105
83
117
87
166
90
74
98
80
79
134
89
92
142
95
90
70
91
83
104
62
85
80
75
-9999
144
129
78
74
125
140
105
73
110
88
85
-9999
164
69
90
59
94
122
105
82
75
89
124
111
118
64
176
69
97
90
99
160
95
92
124
48
103
106
132
59
163
165
79
103
95
91
114
124
88
123
98
105
157
92
86
120
125
55
123
91
50
184
90
140
104
113
115
131
115
159
92
148
175
148
102
109
79
129
125
193
101
96
88
92
116
91
83
160
151
147
114
175
119
109
137
51
116
104
85
91
111
142
110
131
159
97
97
148
164
157
112
172
153
78
105
173
103
147
122
124
107
102
120
160
77
152
164
156
71
147
89
137
110
99
93
141
123
175
190
136
119
155
173
200
148
96
131
191
112
119
202
201
153
129
210
238
176
167
130
114
220
168
277
226
264
161
185
219
178
203
200
199
162
148
-9999
-9999
-9999
83
-9999
-9999
-9999
-9999
-9999
-9999
-9999
-9999
-11
-9999
-9999
27
73
48
-9999
-9999
-9999
76
61
26
88
113
33
-9999
23
-9999
61
121
70
31
65
109
-9999
71
117
69
111
75
48
48
51
-9999
43
28
49
109
26
68
42
80
61
51
80
75
64
39
45
65
68
66
46
72
61
46
47
35
51
62
77
93
102
86
120
73
65
63
70
99
102
80
84
97
110
97
149
155
90
78
89
79
93
109
134
97
92
121
99
76
125
121
57
83
70
104
99
160
95
224
90
78
118
132
119
112
196
177
153
122
216
175
177
166
177
159
140
209
204
183
144
122
185
163
144
-9999
166
222
171
157
162
109
203
139
138
187
116
118
193
162
81
184
179
157
198
154
160
147
178
127
201
117
158
148
189
200
173
209
174
157
141
192
232
152
214
223
231
148
258
303
175
237
264
171
246
305
214
302
169
224
294
222
221
243
311
196
174
254
223
218
203
165
237
245
238
257
246
195
166
233
234
244
234
248
212
195
49
-9999
-9999
-9999
8
26
-9999
-9999
-9999
-9999
-9999
-9999
-9999
-9999
15
-9999
88
-9999
-9999
-9999
34
-9999
33
34
35
33
41
41
27
72
79
91
107
71
105
109
100
63
77
85
87
89
124
132
75
104
168
-9999
-9999
-9999
-9999
-9999
-9999
-9999
-9999
-9999
-9999
