6.66
-0.54
4.92
4.89
5.01
6.09
10.08
5.75
7.80
8.40
7.98
7.51
9.88
9.31
11.37
8.60
9.06
8.40
9.15
8.93
9.44
-0.33
-0.09
0.42
-0.21
0.73
-0.54
2.64
-1.14
0.26
0.01
-0.28
-0.08
6.82
4.84
8.52
7.46
14.21
12.50
15.72
6.78
8.51
16.78
17.84
13.46
16.12
14.32
18.92
14.68
26.71
23.90
34.04
-0.40
-1.09
2.69
2.95
8.19
8.84
6.30
5.51
9.31
5.03
4.05
4.36
3.54
4.79
3.31
2.76
4.91
4.93
9.03
3.36
3.27
1.61
3.72
3.43
4.31
3.70
9.57
3.86
5.40
9.35
5.71
4.63
6.19
5.67
6.44
5.12
5.75
7.49
6.47
5.51
9.67
8.30
8.41
6.34
7.37
7.75
6.93
8.39
8.66
8.28
8.53
9.06
9.04
8.60
8.20
12.61
13.58
10.62
7.95
9.55
13.61
5.47
15.84
7.59
12.98
14.48
11.53
11.70
12.93
13.37
10.80
19.27
12.31
13.02
14.61
15.93
28.47
16.20
16.18
26.75
26.16
26.77
3.46
-1.20
-0.52
4.08
0.95
0.31
1.89
0.04
0.11
-0.00
0.18
0.33
0.45
1.24
3.38
8.04
3.09
8.13
2.25
3.42
3.23
3.23
3.93
6.67
7.57
3.92
5.08
2.73
4.38
5.81
5.72
4.12
12.12
5.42
1.16
5.24
9.15
6.13
7.46
5.09
3.46
4.61
7.07
9.68
13.32
8.31
8.40
12.01
7.05
7.83
11.02
6.90
7.17
6.02
6.96
6.49
9.08
7.25
9.66
7.34
7.55
8.25
18.07
9.21
8.18
7.63
12.38
7.78
9.69
12.87
5.45
7.10
11.69
8.34
10.40
8.59
10.76
19.98
10.98
11.56
13.24
14.92
14.98
9.18
11.01
13.80
21.86
11.32
12.64
14.17
8.08
14.89
16.98
10.98
11.24
15.86
13.79
13.20
14.48
16.30
15.74
15.72
15.27
13.61
10.83
15.00
9.93
13.24
15.03
23.32
15.27
20.96
14.92
18.43
15.48
20.84
18.31
12.98
19.32
19.31
13.60
15.48
15.18
19.54
12.83
18.31
13.57
12.41
20.72
14.55
15.60
6.61
15.37
11.64
17.83
14.02
17.18
16.46
17.12
23.17
19.38
21.28
19.16
15.20
19.28
17.83
17.19
22.80
20.64
19.48
19.22
20.09
16.84
26.03
22.01
20.92
20.77
19.16
20.43
25.39
27.56
29.19
16.35
22.14
30.03
22.44
34.94
35.79
24.88
25.92
5.46
4.56
-0.17
0.38
9.41
0.01
0.84
0.62
0.94
0.97
0.75
0.15
3.17
9.51
-0.03
0.20
8.77
3.43
4.30
3.32
4.26
5.51
3.70
3.10
3.55
8.89
18.01
1.82
4.03
8.98
7.50
2.08
6.61
7.03
5.32
6.90
6.71
6.22
4.59
5.82
5.33
6.82
7.80
6.87
10.65
6.17
11.99
8.43
9.58
7.16
10.45
12.49
8.50
7.25
15.15
8.12
7.34
10.92
13.93
10.32
15.69
13.63
15.28
11.43
17.91
11.21
12.27
16.12
11.42
9.76
10.59
17.70
11.39
11.51
16.59
18.03
19.49
17.82
15.67
14.82
14.03
19.27
12.80
15.65
15.30
14.71
17.73
18.15
11.96
13.98
14.56
13.42
17.84
14.91
13.60
13.51
16.58
17.33
18.06
11.36
17.39
19.33
17.45
20.06
17.01
15.88
15.86
21.72
12.13
16.85
16.24
18.00
25.00
19.01
14.29
12.28
17.97
16.62
18.91
16.01
19.98
17.71
16.23
20.19
18.29
10.10
16.77
17.23
19.18
13.84
24.71
17.23
17.57
19.24
21.12
18.92
21.55
20.74
20.22
18.90
20.34
23.28
16.62
21.50
13.09
20.03
21.74
15.65
19.77
20.06
8.49
15.70
19.16
17.96
21.45
18.41
23.20
19.48
20.28
17.75
20.82
18.53
15.27
17.71
17.44
16.11
13.93
17.92
19.32
23.80
22.36
18.66
18.95
18.19
19.82
14.00
18.27
21.81
18.20
20.03
22.62
22.14
26.09
19.01
22.15
23.46
20.76
20.32
21.16
22.02
20.41
20.06
24.11
20.11
25.32
22.10
14.94
16.91
21.13
20.96
19.51
19.72
20.25
20.63
20.57
22.32
20.18
22.06
24.00
19.87
20.93
21.73
22.69
22.93
24.55
22.17
16.29
23.12
23.21
21.17
18.59
23.61
21.97
26.59
22.40
22.71
22.98
26.61
23.16
22.39
14.55
13.70
27.78
19.50
19.68
25.86
22.03
18.10
18.80
21.68
25.69
23.73
13.94
15.43
21.76
19.35
19.45
26.84
1.45
1.63
12.36
3.05
19.09
-0.21
0.13
3.79
2.27
0.14
8.65
-0.18
0.83
-0.12
2.22
5.66
14.29
7.86
3.34
13.45
6.43
2.72
4.92
3.56
5.33
5.37
6.61
6.62
4.03
14.43
13.81
7.48
18.13
4.54
13.58
5.63
7.40
4.24
13.61
9.86
8.15
8.19
10.08
9.24
15.28
6.29
7.81
7.64
7.00
14.75
8.14
9.23
6.90
6.72
15.59
7.55
8.62
12.60
22.48
10.25
14.30
11.20
10.45
11.82
8.00
9.31
12.78
12.85
12.61
17.27
9.57
9.30
16.35
16.34
12.04
14.42
12.32
16.77
15.15
19.43
18.30
15.00
24.41
12.19
13.36
18.36
18.81
16.04
13.59
19.30
22.05
21.84
17.47
14.29
11.25
14.29
13.47
15.84
21.63
14.73
14.43
10.53
15.24
18.32
18.78
17.39
17.99
14.66
18.67
8.36
13.83
20.37
18.23
17.72
16.23
22.36
18.33
17.19
22.59
14.68
15.55
18.20
24.12
17.92
23.98
22.74
19.99
18.97
20.05
19.72
15.82
22.88
18.52
24.21
19.79
20.34
17.35
19.72
20.99
16.04
20.00
21.13
21.21
21.28
17.32
10.48
21.90
10.24
25.42
22.29
19.39
20.53
15.01
17.08
18.53
21.59
20.11
19.28
18.08
17.19
21.07
20.11
22.38
17.50
23.08
23.48
15.90
16.67
20.56
20.81
23.77
21.78
22.63
21.35
24.23
24.95
19.84
19.92
16.42
24.26
18.35
21.98
18.84
18.38
23.96
19.87
22.54
20.47
22.21
22.11
19.63
14.43
18.28
21.25
22.16
22.40
18.49
23.27
22.07
20.25
23.45
23.45
22.46
15.79
23.44
21.12
17.67
13.81
18.72
18.23
20.43
13.57
22.67
19.80
24.40
13.74
21.90
20.68
19.08
17.00
21.90
23.00
20.38
21.70
19.17
16.58
23.05
18.81
19.59
20.69
20.46
21.48
21.07
20.22
20.48
21.22
23.09
20.03
23.06
18.11
26.28
22.11
23.20
22.97
22.55
20.86
23.06
24.14
21.73
23.57
21.95
20.35
24.17
23.70
30.17
19.67
21.02
23.33
22.98
22.00
24.11
19.66
25.14
23.31
25.52
21.92
18.15
26.54
19.37
22.57
20.10
19.58
20.02
22.40
21.30
19.94
21.50
22.78
24.13
22.72
21.22
22.10
23.69
24.83
27.21
20.80
21.47
20.66
19.95
21.80
23.27
19.92
20.81
24.33
24.03
21.05
18.79
24.99
23.11
22.66
22.87
20.44
22.57
28.45
23.01
25.88
20.89
24.38
22.55
22.23
23.79
17.85
25.73
21.17
21.79
25.02
24.52
28.25
18.96
20.06
14.62
21.96
21.38
21.89
20.64
25.61
20.54
24.12
20.74
25.07
20.17
22.61
22.79
26.90
25.29
18.30
21.89
16.91
32.36
17.58
24.39
21.07
25.62
22.30
20.50
22.44
22.32
25.28
28.68
22.08
13.01
23.72
19.80
22.38
18.22
24.22
24.87
14.81
20.42
24.46
23.20
30.52
25.45
21.39
22.40
34.58
22.70
27.68
25.16
29.11
18.53
20.44
24.04
26.68
34.05
23.66
26.48
28.50
16.70
25.49
28.86
26.97
27.61
22.96
25.01
26.65
24.22
21.49
27.24
31.43
26.07
26.57
15.50
22.80
24.55
16.65
25.86
24.29
22.98
21.05
22.17
26.96
34.76
23.13
27.18
20.69
27.35
26.00
18.61
23.62
19.16
36.78
27.60
13.06
17.35
28.44
39.42
28.74
30.78
15.78
3.80
0.62
1.82
12.90
11.32
7.13
4.23
4.22
21.09
14.02
4.00
5.80
8.93
17.31
4.31
8.01
4.66
15.56
9.00
13.25
19.26
7.89
7.73
10.34
12.15
8.44
9.15
10.47
11.88
9.50
14.84
0.95
15.65
9.01
15.56
19.15
21.56
14.28
18.73
20.03
20.62
10.17
22.60
11.80
15.78
16.75
14.31
10.89
13.53
21.00
22.86
21.34
16.47
24.38
16.51
23.50
12.48
14.00
20.14
23.77
15.55
18.53
11.07
23.45
15.54
20.41
20.55
19.62
17.77
23.96
18.33
19.72
24.99
20.71
19.85
18.71
22.13
23.74
17.43
24.66
20.98
23.52
23.18
22.63
19.11
19.01
21.08
17.46
26.73
18.86
21.84
20.17
21.51
23.04
19.71
15.97
22.02
18.46
22.53
20.58
19.13
20.96
21.25
20.64
24.64
23.19
23.49
19.85
21.01
23.63
21.47
12.77
22.53
21.73
19.43
19.13
20.03
20.14
20.33
22.47
22.99
23.72
23.34
20.93
23.31
21.54
24.79
25.66
20.51
20.28
21.58
21.23
21.51
21.53
24.34
20.21
23.61
24.31
22.51
19.02
23.06
22.68
21.88
21.03
21.15
25.54
23.86
19.72
20.56
17.06
26.39
21.44
18.29
23.16
21.25
20.54
22.09
27.84
18.21
21.19
23.80
23.53
18.73
21.93
20.95
23.50
22.58
23.99
21.96
19.23
26.07
18.79
24.51
23.63
25.02
24.54
22.83
22.44
18.39
26.73
20.34
26.15
23.26
16.95
21.72
22.48
24.36
23.57
22.58
25.48
17.87
21.97
23.39
25.53
22.35
24.36
19.65
24.53
22.18
24.06
22.74
23.58
21.67
23.84
22.10
23.59
22.00
23.91
22.02
23.12
24.34
25.80
18.50
24.20
22.06
24.71
25.57
20.09
20.79
21.62
25.17
22.20
25.26
26.36
22.86
20.61
24.47
22.75
22.53
23.59
22.30
22.89
25.49
30.97
19.62
18.67
22.99
21.76
29.54
23.84
22.56
27.11
21.15
24.80
23.02
21.27
25.61
26.20
22.66
23.43
21.98
19.35
21.68
24.53
17.61
22.13
27.21
23.60
23.94
28.89
24.11
15.45
25.82
24.53
22.01
26.50
23.31
24.51
23.97
16.22
24.21
26.73
25.88
24.56
24.26
24.87
22.81
26.37
25.50
27.58
23.60
18.00
18.35
25.37
17.26
25.35
30.75
32.09
21.43
16.83
26.44
25.25
25.18
25.05
22.57
26.19
24.40
25.57
23.75
24.69
20.76
21.02
31.91
26.32
24.01
19.81
25.20
21.95
31.69
15.65
28.35
24.44
19.58
24.07
24.68
22.90
15.08
28.07
23.82
29.57
22.73
22.09
27.14
29.26
24.51
20.88
23.51
19.63
24.80
18.54
21.25
26.58
25.94
24.80
23.48
25.00
28.52
24.22
12.76
25.45
27.33
29.14
27.90
26.31
16.07
33.72
23.70
31.18
23.81
29.13
28.21
24.63
27.35
22.48
28.43
25.83
28.85
23.50
29.35
35.07
19.95
24.84
24.16
27.96
30.02
29.94
26.37
18.24
24.37
28.61
24.59
29.87
29.04
22.65
30.78
28.70
27.69
24.87
27.47
24.34
21.25
30.54
21.97
25.45
28.44
23.10
31.16
24.10
21.98
24.32
28.95
39.66
25.65
40.36
22.37
33.54
25.93
34.14
27.72
28.30
28.10
4.51
15.86
-0.46
-0.49
-0.46
0.74
-0.10
-0.91
2.14
-0.11
3.00
0.50
14.86
15.06
4.73
11.14
3.30
3.24
17.35
11.88
4.84
8.73
6.95
9.60
6.47
9.18
7.17
10.62
10.16
18.70
6.80
16.49
11.32
16.33
12.26
14.40
10.24
14.12
13.16
11.39
16.62
11.80
10.71
11.98
15.30
11.75
17.32
12.97
20.24
14.21
9.41
12.24
17.26
17.67
16.73
18.17
12.66
12.59
13.36
22.55
20.72
18.49
12.01
13.40
24.95
16.12
19.27
11.72
20.67
22.99
20.12
17.46
20.40
17.19
13.79
17.84
21.66
16.12
16.11
20.25
19.73
17.67
21.11
17.80
20.58
12.37
19.16
20.67
17.67
18.93
20.78
19.32
21.35
20.21
18.33
21.01
15.83
20.93
9.56
18.43
16.62
19.18
20.37
17.40
21.33
19.59
21.11
17.67
19.22
6.57
17.61
21.33
13.38
16.79
16.82
16.94
20.77
20.20
19.48
19.02
18.99
22.38
19.30
19.41
17.05
17.93
21.02
22.81
23.03
16.30
20.85
21.92
21.60
21.04
19.37
21.11
19.88
23.20
22.08
19.77
24.65
17.11
17.37
23.24
17.00
17.00
22.36
22.15
20.59
12.37
23.32
23.63
16.46
23.77
21.11
18.56
19.88
20.68
22.60
17.79
21.23
24.01
20.60
21.39
21.49
24.99
22.51
23.30
21.19
16.19
20.53
22.51
28.00
22.06
22.67
22.30
18.08
22.18
20.09
21.46
21.53
23.65
18.61
20.81
22.53
21.87
21.84
21.55
21.90
21.10
25.12
20.70
17.65
20.11
21.09
20.12
23.53
21.36
19.98
24.69
22.06
19.57
22.24
20.54
21.54
20.29
21.16
22.83
20.19
21.28
20.52
25.20
22.32
21.74
25.01
20.26
22.44
16.82
23.42
24.49
22.37
19.58
21.67
23.87
25.06
17.56
18.01
18.99
21.28
22.00
16.31
29.16
16.45
26.14
25.13
28.99
23.23
19.95
14.84
29.56
22.25
15.98
25.73
23.90
25.15
16.48
19.07
25.49
32.37
23.88
6.80
-0.31
3.42
5.23
0.26
-0.02
0.00
-0.05
6.32
0.01
0.18
-0.02
-0.20
2.51
-0.22
3.33
-0.65
-0.74
-0.23
-1.19
-0.05
3.96
0.12
4.90
0.54
6.07
3.92
8.02
7.69
6.93
7.70
5.19
8.27
11.89
8.34
4.00
5.84
7.63
5.84
2.57
8.41
6.47
7.28
6.82
6.09
8.11
7.44
6.27
6.34
7.55
6.70
6.46
11.37
14.50
6.97
6.68
10.58
5.27
11.09
8.56
8.36
8.67
9.91
10.04
12.31
6.86
11.28
9.31
9.49
8.28
15.09
19.66
9.03
14.34
8.44
19.74
10.70
13.41
9.72
11.44
8.77
8.34
9.59
12.35
10.99
10.00
11.54
10.37
9.40
16.25
13.87
13.06
12.59
9.87
8.09
13.29
9.11
13.41
14.06
13.87
12.62
9.51
12.89
13.13
7.31
12.60
11.73
14.20
10.08
8.21
16.52
11.22
15.08
13.11
14.44
12.37
12.36
14.58
13.70
8.97
11.91
10.67
22.90
9.43
13.59
14.88
10.92
16.16
9.52
18.32
14.94
15.94
11.48
15.30
13.20
15.61
17.68
18.65
9.26
18.07
17.92
17.87
14.22
13.47
20.76
13.47
10.05
16.91
18.62
17.03
21.76
21.95
15.71
16.25
19.10
21.15
15.18
16.58
15.93
19.05
19.40
16.51
16.14
14.09
22.93
17.87
19.33
14.78
18.41
14.83
14.97
17.76
15.28
18.01
19.67
19.51
18.87
17.07
16.74
11.75
17.99
13.83
18.99
19.26
16.87
17.50
20.20
21.94
16.37
17.84
20.33
19.37
18.08
21.42
17.96
19.11
17.34
14.74
21.32
24.89
21.81
20.84
16.56
17.44
23.65
16.36
18.45
18.24
23.52
20.79
22.26
19.37
19.51
18.21
19.51
22.01
24.89
14.74
17.78
23.73
22.20
31.25
31.56
26.34
23.16
17.30
26.07
26.98
30.71
1.97
3.27
0.63
5.24
0.44
7.20
-0.12
0.91
-0.27
-0.50
-0.04
0.05
-1.21
-2.31
-0.34
7.18
5.72
6.39
6.01
5.71
8.11
12.70
6.53
4.86
11.80
6.89
5.80
7.97
5.44
9.42
19.47
6.40
6.96
9.00
8.55
5.22
8.34
7.76
4.49
8.88
9.45
7.06
8.52
5.38
6.57
9.58
9.19
7.24
7.99
4.97
8.78
8.07
7.20
10.20
10.80
10.14
8.82
14.91
5.02
11.56
8.89
7.95
8.82
9.00
4.91
9.56
11.66
10.31
13.50
9.77
9.23
8.69
9.86
12.74
8.89
8.69
9.76
9.41
8.56
10.44
8.26
7.33
12.84
10.34
8.54
11.16
9.92
9.04
13.49
9.02
10.40
7.52
10.49
10.59
9.37
11.02
14.72
10.01
10.36
15.41
11.38
10.67
9.69
11.86
12.69
9.75
11.95
8.81
11.54
10.11
10.26
10.20
10.36
13.42
12.08
12.83
9.30
11.10
9.58
14.45
14.18
15.13
10.77
16.83
10.45
11.26
10.03
11.29
14.98
11.40
7.20
10.49
13.21
14.35
16.64
11.85
9.96
11.29
10.89
10.33
11.22
12.65
11.56
8.43
9.80
13.06
7.24
21.06
12.01
14.09
14.25
17.38
21.38
11.02
23.16
12.67
14.20
9.63
13.02
13.93
8.01
15.02
13.26
14.62
12.64
16.18
16.76
13.35
12.97
15.41
13.97
12.21
12.88
12.90
11.44
14.22
14.18
11.21
13.13
12.82
17.24
17.48
15.80
14.23
16.61
16.52
24.25
15.15
12.68
16.00
20.10
18.01
16.63
18.95
17.98
11.50
17.20
17.20
11.91
16.70
11.81
16.03
17.21
29.31
29.53
15.87
17.32
18.54
18.66
14.08
19.57
27.77
26.18
29.88
23.32
23.33
16.74
37.71
1.43
3.08
0.27
-1.60
-1.29
5.14
-1.49
0.51
0.78
-0.44
1.96
0.51
13.82
7.61
13.06
5.03
8.13
8.10
6.27
6.06
6.94
8.54
7.09
5.38
4.28
7.25
9.22
8.46
6.27
8.24
10.50
8.79
11.86
7.99
18.97
7.96
8.57
10.58
13.53
14.67
14.49
11.68
14.24
12.28
16.58
20.88
16.40
21.20
15.83
21.11
27.90
26.25
17.25
0.83
1.61
-0.44
-0.09
0.04
9.64
4.12
4.99
8.29
4.73
4.86
7.30
6.66
8.58
11.07
7.72
7.30
8.28
6.78
12.72
14.64
0.71
3.84
4.67
6.80
2.91
3.05
3.97
2.01
2.16
2.18
8.29
5.95
6.22
7.06
13.76
5.42
13.74
13.85
14.02
17.92
17.97
20.94
24.41
19.45
27.61
20.49
27.62
32.09
27.84
25.14
28.09
30.81
0.44
0.72
-0.98
-0.43
2.83
6.28
3.65
5.90
4.33
3.68
6.37
6.94
9.57
8.20
16.44
6.39
6.89
7.37
6.03
9.59
7.76
8.98
9.86
13.49
20.46
12.76
15.47
14.99
10.42
14.59
9.93
15.31
14.09
15.28
18.25
16.68
20.63
24.07
22.53
12.37
13.34
18.45
18.55
18.81
21.14
24.84
26.71
21.46
14.58
18.33
16.09
14.10
18.70
22.00
18.80
14.74
18.70
25.75
27.43
25.87
32.51
30.33
28.84
24.70
17.51
22.19
30.22
36.10
32.51
22.64
27.84
25.95
27.77
32.33
31.52
35.64
38.78
39.14
14.67
2.73
15.34
3.72
5.52
4.13
6.68
4.37
4.68
0.81
12.82
5.63
6.63
11.04
6.68
5.66
7.41
7.10
6.25
6.67
6.02
4.08
8.05
7.20
7.10
13.00
6.99
12.05
6.10
9.20
6.50
8.74
5.66
8.64
8.31
7.00
5.91
8.54
6.06
7.13
8.78
8.89
16.20
8.76
8.76
10.21
9.48
8.77
9.83
12.24
11.73
13.17
13.39
12.91
17.61
9.77
25.44
17.65
16.04
17.79
17.93
12.80
20.70
11.74
15.09
18.89
23.61
16.07
20.22
22.67
14.06
14.75
20.34
18.81
17.38
19.45
15.71
22.40
17.84
23.44
19.91
13.42
16.09
23.71
19.72
22.27
14.69
24.42
14.31
20.38
18.04
20.84
13.26
19.57
28.61
23.24
22.20
34.64
33.87
25.44
21.79
23.55
19.43
33.96
22.70
15.13
24.69
32.93
17.98
30.04
31.10
21.07
28.17
19.28
19.43
24.87
30.98
29.18
27.62
2.70
6.90
3.40
5.55
4.63
12.44
9.36
2.95
6.20
9.82
3.34
11.42
2.85
2.54
1.51
2.95
5.12
4.09
4.41
7.43
4.96
4.85
5.46
5.67
5.14
6.24
6.77
9.57
12.94
6.22
5.75
5.61
7.97
13.58
4.58
7.17
5.63
5.82
7.82
7.11
6.58
5.76
7.66
8.18
7.60
4.95
6.86
7.29
7.57
6.32
5.59
7.55
7.82
6.28
6.95
7.53
8.18
6.43
7.42
4.79
7.77
8.68
8.55
8.13
6.92
7.41
8.06
6.37
4.28
7.55
8.92
9.78
9.42
12.26
10.52
10.46
9.36
9.21
13.92
9.47
11.07
11.25
15.41
19.24
23.19
12.80
14.65
15.09
10.30
19.37
16.21
16.23
16.46
18.48
18.38
18.93
15.86
24.58
15.27
19.16
19.38
22.28
14.14
15.85
18.36
17.22
13.16
17.31
18.24
19.95
23.06
20.00
21.59
21.77
14.64
20.99
18.82
17.02
22.13
22.38
20.93
18.79
22.95
21.72
24.33
23.84
20.71
21.89
21.29
19.85
21.83
19.82
22.89
22.83
29.04
26.83
19.21
13.93
26.29
22.43
15.89
27.92
12.67
23.90
30.65
14.49
29.21
26.82
14.36
24.05
28.99
15.47
22.04
25.75
34.65
-0.41
2.67
2.27
3.16
8.26
7.86
9.93
16.16
3.49
4.25
4.64
5.38
4.85
3.06
3.00
3.65
3.18
17.29
4.13
6.74
-0.50
4.22
10.34
3.70
8.31
2.14
6.64
5.27
7.84
7.92
5.47
6.82
9.24
6.87
5.74
5.62
11.47
7.06
8.35
7.84
6.10
8.01
7.71
8.55
9.12
12.59
8.67
9.59
7.57
6.63
6.28
11.82
8.67
10.72
8.60
12.81
12.66
16.03
19.98
16.20
8.80
17.86
18.78
12.72
6.79
17.07
18.48
15.43
13.47
8.87
21.57
16.24
14.57
15.51
16.03
17.07
10.98
20.29
19.93
17.33
18.29
15.34
19.73
17.87
17.31
19.86
17.15
17.43
19.28
20.80
18.32
17.30
20.93
17.19
26.91
2.55
28.09
2.35
-0.20
-0.03
0.18
-0.04
0.04
-0.15
-0.27
0.05
-0.19
0.03
0.07
0.23
0.24
5.20
20.82
-0.28
-0.71
16.80
4.22
3.58
5.24
5.12
6.70
5.93
3.48
5.05
2.99
6.20
4.05
7.10
3.88
3.39
2.93
2.80
10.68
3.77
5.37
5.83
6.05
6.04
10.49
4.56
9.92
3.52
6.63
5.38
4.46
4.46
5.53
5.09
5.82
4.17
7.78
7.64
6.33
8.76
8.84
7.41
7.42
2.44
6.84
5.62
5.34
4.62
4.28
14.30
5.76
7.22
7.41
7.99
5.55
5.60
8.69
12.13
5.50
9.84
7.00
8.50
9.59
16.66
7.56
9.94
11.38
5.67
18.05
10.89
12.43
17.05
14.13
12.63
13.64
11.41
15.23
10.63
26.09
15.15
22.60
11.42
15.70
16.91
11.39
23.48
20.19
13.07
8.84
14.91
18.27
15.03
17.78
18.69
15.18
12.26
15.61
13.07
16.74
18.08
15.58
14.08
20.20
17.82
15.09
19.26
19.76
13.44
16.60
12.54
10.99
15.39
13.84
13.85
11.71
18.60
14.78
20.10
26.14
24.12
18.50
20.62
21.63
23.59
26.97
25.25
1.87
-0.40
0.08
1.68
6.38
0.70
-0.24
-0.27
0.17
0.25
0.09
-0.16
3.46
0.31
-0.76
4.74
8.35
3.78
4.89
3.34
3.34
3.31
6.02
11.65
3.06
3.85
9.19
4.55
10.28
3.61
5.88
5.59
5.11
4.49
4.06
7.09
7.59
6.27
5.10
6.53
6.04
11.56
5.52
6.33
14.64
5.55
6.77
4.10
4.10
6.88
8.03
5.02
4.35
5.00
6.95
7.28
6.36
7.30
5.88
8.08
10.24
5.27
7.73
5.76
7.39
7.99
8.56
8.40
9.32
8.59
6.67
4.73
5.30
6.12
7.52
6.70
8.76
7.99
6.55
6.81
8.50
7.08
18.10
7.67
7.94
9.77
11.39
24.21
13.07
15.94
11.94
10.84
8.77
-1.27
10.81
12.85
12.28
14.10
8.16
19.82
7.11
11.77
15.57
20.57
15.57
11.79
14.65
12.87
19.24
14.89
12.15
28.00
23.71
29.00
19.74
27.57
24.39
14.37
27.25
24.76
29.29
37.73
32.64
22.03
0.18
0.22
0.30
-0.23
-0.61
0.46
5.13
-0.28
0.00
0.32
-0.03
0.29
-0.17
0.88
2.18
8.84
9.97
4.84
5.84
5.76
3.96
5.83
5.08
7.08
5.60
6.30
11.92
4.30
7.02
5.52
3.81
4.71
4.57
6.30
6.21
8.91
6.55
8.92
10.28
6.30
8.77
10.50
7.27
13.74
2.56
8.64
1.53
0.06
-0.39
-0.55
-1.31
-0.84
1.65
0.46
9.85
0.95
0.77
2.65
11.25
0.36
1.90
-0.84
0.22
0.12
