7.43
-0.49
6.15
5.58
5.30
5.78
11.33
5.28
7.95
8.43
8.19
7.42
10.09
8.75
13.37
8.46
8.08
8.24
8.36
7.94
10.41
-0.25
-0.37
0.63
-0.23
0.83
-0.84
2.18
-0.82
0.34
-0.01
-0.39
0.42
7.97
5.09
8.70
7.38
10.90
13.82
16.68
6.83
9.09
17.04
20.38
15.53
16.11
14.95
20.07
13.82
24.91
23.10
33.91
-0.26
-0.73
3.18
2.85
7.81
8.19
6.85
6.53
8.91
5.11
4.04
4.60
3.64
4.70
3.41
2.64
5.03
4.58
7.91
3.37
3.05
1.49
4.09
3.33
6.17
3.45
12.16
3.89
5.31
9.68
6.41
5.06
6.15
5.42
7.87
5.47
5.74
7.49
6.51
6.02
9.05
7.36
8.44
6.45
7.67
7.44
7.51
8.21
9.13
7.09
8.21
9.61
9.23
8.46
9.07
11.36
12.69
10.04
7.73
9.57
13.30
5.58
12.49
6.88
13.21
14.29
9.57
14.61
12.94
12.58
12.20
18.35
14.30
11.66
12.43
16.36
21.73
18.96
14.96
22.61
21.44
24.70
4.16
-1.04
-0.59
7.71
0.67
0.26
1.43
0.11
0.10
0.06
0.13
0.37
0.70
1.69
3.42
10.04
3.29
9.48
2.65
3.97
3.05
2.98
4.28
5.67
8.14
4.71
6.36
2.93
4.56
4.80
6.25
4.56
9.17
5.22
1.15
6.05
12.20
6.43
8.01
5.21
3.61
4.67
6.53
13.72
14.48
8.31
7.57
12.99
6.41
6.92
11.32
7.51
7.52
7.23
8.22
6.57
8.68
7.79
8.35
6.93
7.37
7.98
19.65
8.45
8.07
7.88
11.35
6.67
10.06
14.17
6.02
7.24
10.29
10.08
10.35
10.63
10.04
20.66
11.03
11.71
12.85
15.05
15.68
8.23
10.63
14.89
22.21
12.12
12.36
15.04
8.87
13.74
11.84
12.52
11.72
11.76
13.33
13.79
14.53
17.22
15.29
14.08
17.26
15.03
10.44
14.84
11.89
11.24
16.60
22.52
15.30
22.07
15.03
19.30
14.72
22.65
19.45
12.48
17.78
20.15
12.40
14.03
12.87
19.81
13.51
16.36
12.37
13.52
19.45
14.21
19.10
6.68
15.04
12.32
19.39
12.98
13.77
16.21
17.87
23.48
17.51
20.38
18.34
15.49
20.61
15.84
17.32
21.18
17.98
20.71
18.03
17.38
17.69
26.43
21.17
21.79
16.41
19.72
20.68
25.24
27.29
26.09
18.26
19.97
26.28
22.01
33.81
35.17
24.38
25.01
0.81
6.80
-0.18
0.40
10.69
0.03
0.75
0.84
1.08
0.96
0.79
0.40
3.32
11.40
0.11
0.12
9.73
3.27
3.69
3.24
4.73
5.18
3.80
3.25
3.87
8.50
19.00
2.14
4.37
11.66
6.69
2.32
6.89
8.58
5.46
7.66
6.64
6.30
4.38
5.42
5.05
6.62
7.95
7.29
9.81
6.44
13.37
8.06
8.81
7.07
11.66
10.86
9.34
8.71
16.82
9.12
6.20
12.69
14.27
10.69
12.86
13.26
13.54
11.15
18.22
9.70
14.23
18.36
9.91
10.28
10.71
16.62
11.24
12.84
15.65
19.50
20.28
18.41
16.72
15.58
13.62
17.11
13.75
17.05
13.23
16.17
16.51
18.74
12.46
12.11
14.27
13.30
18.93
16.88
13.81
14.48
18.75
17.43
12.51
11.68
16.08
20.20
19.62
18.31
15.77
16.41
20.45
23.19
11.00
16.72
16.99
17.10
23.85
17.62
16.60
12.76
16.98
18.82
17.51
15.52
19.04
14.69
16.07
18.51
17.57
9.97
18.03
18.80
21.20
14.01
25.75
16.68
17.71
15.30
20.32
18.16
20.41
19.47
19.71
18.89
21.10
20.87
16.04
20.45
12.33
17.29
22.32
15.53
21.29
20.41
9.98
18.25
20.44
20.36
21.15
19.38
23.93
21.78
19.98
19.79
19.63
19.42
12.24
18.30
18.00
13.07
13.99
19.36
19.75
22.63
22.56
18.19
19.87
20.33
17.10
14.92
22.00
21.64
18.65
22.56
22.26
22.40
25.63
19.38
22.31
23.01
20.89
20.23
21.74
21.64
18.18
20.57
27.03
20.60
24.63
22.32
15.19
17.17
20.51
20.55
19.51
17.70
21.14
20.95
17.66
22.69
19.55
24.04
22.50
20.81
19.89
23.31
23.67
22.34
24.02
23.04
15.62
22.43
24.12
22.29
20.88
23.51
22.09
29.79
22.54
23.41
22.91
28.63
23.48
22.58
14.48
14.61
25.78
20.07
21.06
25.15
22.73
21.04
18.58
21.93
28.49
23.87
16.89
12.58
20.30
20.91
18.74
26.73
1.29
1.78
13.78
3.29
19.79
-0.21
0.18
5.77
2.43
0.00
9.43
-0.05
1.35
-0.10
1.48
7.12
11.91
7.98
3.66
11.92
6.21
3.07
4.92
3.02
4.18
8.53
8.12
5.94
4.20
14.26
15.81
7.18
18.84
4.75
15.93
6.55
6.38
3.42
12.42
12.33
5.39
7.35
9.18
9.92
14.22
6.38
7.68
7.48
7.97
16.75
7.85
9.57
6.75
6.53
14.85
8.31
7.14
12.79
15.07
9.81
12.80
12.57
7.98
12.69
8.54
10.04
11.21
11.92
12.62
16.84
9.52
8.43
17.69
16.46
13.09
15.76
12.02
19.26
15.35
17.45
18.33
16.18
21.21
11.52
13.10
19.12
20.64
15.63
15.24
21.56
21.67
22.22
15.99
13.02
9.90
13.30
13.80
15.82
19.95
14.77
12.22
10.15
14.75
17.71
19.72
16.26
18.54
11.88
17.76
8.19
14.06
23.03
19.31
22.07
16.74
22.94
18.94
17.15
19.81
14.60
16.19
18.75
23.75
19.59
19.61
24.23
19.74
17.48
20.36
19.95
18.29
24.03
22.74
25.35
21.39
19.93
17.79
19.23
23.09
17.07
21.03
21.74
21.08
22.09
18.42
9.66
20.14
10.51
25.52
22.93
20.34
20.34
15.47
17.18
17.86
23.35
21.00
19.04
15.89
16.29
21.06
20.14
22.54
16.01
20.78
22.46
17.09
14.90
21.12
17.45
23.70
21.34
23.96
21.92
24.71
24.58
20.33
22.00
17.10
23.50
16.53
20.03
19.72
20.06
24.24
19.60
22.05
20.16
21.86
22.71
19.70
14.63
22.11
22.04
21.98
22.60
19.39
22.85
21.48
22.06
18.59
25.84
22.18
14.83
23.61
21.85
18.03
13.39
19.48
18.88
19.22
9.61
24.00
18.83
22.39
16.91
22.67
21.81
20.50
17.55
22.29
22.65
21.57
21.52
18.29
20.47
22.26
23.52
19.75
21.00
20.65
21.21
21.04
21.65
20.69
20.68
23.12
22.30
22.04
17.62
27.43
20.97
26.02
21.46
23.00
20.25
24.14
21.35
19.43
22.18
22.28
21.64
24.61
24.11
29.01
24.45
23.24
22.99
21.44
21.78
25.15
19.37
27.29
19.57
24.72
21.90
18.48
26.59
18.83
22.74
21.08
17.67
20.19
22.98
20.46
18.56
19.28
23.41
23.69
23.26
20.83
22.27
24.34
24.13
28.23
19.99
21.91
19.50
20.07
20.75
23.45
19.55
19.40
24.79
25.34
21.46
17.21
22.80
21.98
22.37
25.37
18.75
23.06
26.19
22.56
25.79
20.76
24.23
23.22
22.43
23.44
19.98
22.22
20.68
21.20
21.59
24.36
24.77
18.21
18.88
17.60
22.29
21.13
22.17
18.91
25.49
18.39
21.16
20.65
26.19
21.64
22.98
22.22
27.02
24.66
20.18
19.97
19.25
32.10
16.37
26.79
23.01
22.37
23.48
18.31
22.48
23.42
26.68
25.22
23.37
16.92
22.63
17.96
22.84
19.41
20.70
23.69
14.68
20.81
23.02
22.57
31.15
25.75
20.80
23.24
31.28
25.34
26.22
23.48
29.60
18.95
21.51
23.18
24.99
31.54
22.12
24.33
23.86
16.53
25.00
29.06
24.11
26.14
22.35
22.36
23.13
25.40
22.23
24.97
28.11
25.05
25.84
15.85
22.23
24.03
17.06
24.82
23.65
22.54
20.90
19.47
23.15
31.15
24.66
29.47
21.18
27.92
28.53
16.30
26.19
19.80
31.52
27.16
15.43
17.79
25.95
35.71
28.02
30.79
18.34
3.94
0.51
-1.28
13.04
15.30
8.01
4.54
6.47
22.57
15.04
3.25
6.62
8.53
16.83
3.85
8.37
4.44
18.29
8.49
12.98
17.12
7.47
6.97
9.76
12.05
7.96
7.34
11.27
12.68
10.24
17.99
1.15
15.33
8.85
15.17
18.62
22.15
14.19
19.10
21.02
19.04
9.64
22.07
14.17
15.14
17.61
15.36
14.38
5.66
19.22
24.79
21.15
15.65
24.78
22.29
23.47
13.38
16.63
19.25
24.23
15.49
18.80
9.63
22.72
16.90
19.49
19.51
21.41
16.15
24.48
18.42
20.92
23.91
22.53
20.57
18.84
23.73
24.11
18.00
24.18
24.14
22.79
22.69
21.61
20.73
19.59
20.17
18.99
24.64
18.37
21.79
21.93
24.05
23.90
18.85
18.42
19.81
21.39
22.77
20.70
18.95
21.03
21.29
22.35
25.57
23.39
23.56
19.64
19.20
23.03
20.98
14.36
23.02
21.50
20.22
20.19
20.22
21.61
20.42
22.42
24.14
24.32
23.52
20.35
25.64
21.90
24.36
26.33
21.72
20.27
21.60
21.25
22.12
21.29
22.41
21.72
23.33
24.63
22.68
18.93
24.08
23.20
22.87
19.65
22.76
25.95
23.98
19.82
21.34
18.46
25.83
17.89
18.45
22.28
20.99
22.21
21.87
23.96
18.09
20.35
22.02
23.24
18.48
19.62
20.69
23.39
24.09
23.46
22.24
20.43
22.60
20.77
24.96
22.45
25.03
24.54
22.53
21.36
18.23
28.84
19.31
25.94
23.16
17.30
21.96
22.51
25.47
24.33
23.05
23.30
19.49
22.39
23.29
26.82
22.37
23.83
19.97
24.28
20.87
24.23
21.32
22.71
20.59
22.40
23.54
22.07
22.10
22.88
20.96
23.53
24.08
23.26
18.33
24.00
21.86
23.70
24.71
19.68
20.16
21.65
24.47
22.56
24.07
27.87
22.76
20.48
26.08
22.79
22.46
24.74
21.95
21.13
25.18
27.92
19.59
20.88
24.96
22.26
28.05
23.02
22.34
25.47
21.38
24.42
22.07
21.20
24.30
24.28
22.20
24.17
21.16
18.44
23.24
24.29
16.32
21.04
27.22
21.31
24.31
31.25
23.93
16.15
26.46
24.02
21.72
25.97
23.61
24.39
23.86
15.70
24.14
27.03
22.21
28.25
24.92
23.44
23.65
24.96
24.70
27.85
23.90
14.38
20.20
24.92
19.54
25.68
26.34
29.46
24.71
16.84
26.19
25.68
24.95
25.04
21.27
25.92
24.69
25.84
22.45
24.59
21.17
20.35
29.68
27.11
21.55
18.28
24.52
20.99
30.57
15.94
26.55
23.78
21.47
24.31
26.26
23.24
15.33
26.91
22.28
26.64
23.25
22.03
26.28
27.17
24.13
19.91
23.11
21.42
24.48
18.49
21.84
24.43
22.79
25.03
29.42
25.33
28.66
23.79
12.10
23.84
26.24
27.46
26.73
27.49
16.31
31.62
22.24
32.35
22.85
28.83
27.09
24.45
25.98
25.09
28.25
25.36
29.65
24.90
27.12
33.15
21.11
24.15
22.76
25.36
29.64
27.37
24.00
18.66
23.91
27.01
28.32
28.12
26.90
28.64
30.51
23.95
20.84
24.57
22.83
24.37
23.20
30.41
20.67
25.96
27.57
24.17
31.10
22.82
24.10
20.12
26.47
37.53
24.81
37.21
22.10
32.94
26.85
32.40
26.01
26.20
28.58
5.95
15.80
-0.48
-0.84
-0.53
0.74
0.02
-0.75
2.37
-0.51
2.40
1.32
21.69
17.42
6.19
11.13
4.12
3.67
18.87
12.50
4.77
9.23
6.87
10.91
6.14
8.93
7.19
11.05
10.20
18.12
6.91
17.23
10.65
16.66
12.43
14.88
12.05
14.59
12.93
11.19
16.58
11.47
10.99
11.95
17.70
10.82
17.01
12.60
22.32
13.60
10.55
12.25
14.31
18.28
17.89
15.29
12.81
11.55
13.40
22.74
22.97
20.03
10.33
14.90
25.17
14.99
19.84
12.15
19.12
22.68
19.84
14.70
20.91
17.55
12.66
17.81
20.40
15.22
16.66
22.62
19.70
18.29
21.75
17.50
24.19
12.34
17.74
20.25
18.62
18.76
20.25
16.60
20.43
20.24
18.95
20.71
16.57
15.57
10.17
19.14
16.12
19.31
20.73
16.07
18.80
21.18
21.00
19.79
19.66
5.60
17.67
22.12
14.67
16.67
16.70
17.35
20.60
19.85
19.23
20.45
21.14
22.16
18.81
19.88
16.64
17.79
20.61
22.72
22.59
18.49
22.25
21.61
20.37
21.81
19.12
20.69
20.87
24.19
23.03
21.90
24.99
17.45
16.85
23.77
18.37
17.31
22.48
22.71
20.97
20.86
24.61
23.88
16.42
24.80
21.53
17.43
18.97
19.99
23.72
18.31
22.49
23.17
19.35
22.60
22.13
24.48
22.60
23.61
21.68
16.22
21.73
23.70
25.01
24.12
22.71
22.05
18.55
23.85
20.93
21.07
22.99
22.29
17.64
19.71
22.98
21.62
20.96
19.89
22.37
22.46
26.06
20.27
19.82
19.90
21.74
20.93
23.06
21.17
18.41
26.00
22.71
20.20
21.96
20.45
20.67
21.08
20.20
22.53
17.46
23.56
20.65
24.84
21.05
22.64
25.21
22.13
21.85
15.89
23.53
22.99
23.10
18.48
23.47
23.62
24.71
18.22
18.29
21.60
21.69
23.24
17.44
27.50
17.22
24.73
21.93
27.11
23.47
18.31
14.12
26.22
21.56
10.44
22.02
25.34
23.53
16.98
19.97
25.36
29.71
23.17
5.09
-0.23
3.69
5.36
0.21
-0.06
-0.05
-0.03
1.77
0.07
0.04
-0.09
-0.31
2.67
-0.83
3.27
-0.67
-0.56
-0.32
-1.49
-0.12
4.26
-0.32
7.66
0.31
5.66
4.55
7.22
8.34
6.05
7.73
5.62
6.98
11.83
9.03
4.00
6.15
7.93
6.41
3.57
9.33
8.04
6.49
8.26
6.85
8.30
8.18
6.69
7.87
8.01
6.65
6.90
13.98
16.68
6.14
5.90
12.21
5.17
11.22
9.12
9.10
9.17
9.44
10.61
12.43
6.55
10.91
9.84
6.36
8.23
14.58
20.65
9.19
14.31
7.15
21.63
11.24
13.01
9.12
11.78
8.50
8.97
8.68
11.58
10.88
9.86
10.36
10.56
8.33
16.48
13.28
13.85
12.40
10.23
8.89
16.46
8.74
14.63
15.44
12.95
11.51
10.10
13.26
14.18
6.15
12.51
12.09
13.86
9.93
7.25
16.68
11.33
14.47
12.48
17.52
11.31
13.78
15.71
15.52
9.16
12.11
12.23
21.69
10.21
13.08
16.22
10.91
17.87
10.06
20.64
15.11
14.77
13.74
15.23
11.19
14.90
16.94
15.65
9.82
17.68
15.42
17.93
14.73
14.19
20.01
14.29
11.38
16.82
16.63
17.29
20.47
20.66
16.06
16.14
19.05
20.09
15.36
15.40
16.78
19.77
19.50
15.94
16.65
13.65
19.88
16.26
19.25
16.92
17.06
16.51
17.12
15.87
14.53
13.97
20.49
18.36
18.93
19.26
15.80
10.57
16.98
15.13
14.61
19.13
17.00
17.24
19.96
24.89
16.05
18.34
19.57
19.65
16.82
20.86
19.13
18.94
18.22
15.13
20.58
21.05
20.24
20.06
16.32
16.94
22.71
16.19
19.98
16.67
23.25
21.18
21.24
18.68
17.02
21.87
15.82
22.32
24.66
12.17
19.33
24.66
23.08
24.36
27.75
23.21
22.99
13.39
27.19
26.01
28.19
1.84
2.59
0.13
5.26
0.29
9.75
0.00
0.97
-0.39
0.23
-0.02
0.12
-0.95
-2.46
-0.24
7.28
7.54
6.92
6.95
6.57
6.02
12.07
6.55
5.73
13.21
6.93
6.13
9.90
5.49
10.17
22.47
6.57
6.70
9.95
7.94
4.28
9.21
7.74
4.22
8.37
8.79
7.53
7.87
6.27
5.54
8.72
9.36
6.76
7.45
5.99
7.87
8.57
7.16
10.91
10.38
8.58
8.55
12.56
6.05
12.07
9.56
8.16
8.19
8.69
5.40
8.62
10.32
10.27
12.75
11.03
8.63
7.58
9.82
13.19
8.20
8.88
10.21
8.98
8.04
11.13
8.00
7.29
15.73
10.81
6.39
12.43
9.37
8.72
14.03
8.73
10.15
6.94
10.83
9.52
9.60
10.67
14.21
11.45
9.55
17.12
11.80
10.64
9.51
12.54
11.59
9.62
12.28
8.18
12.57
8.57
9.94
9.83
10.44
12.79
11.94
11.99
10.30
11.21
10.75
12.92
15.48
13.44
9.86
15.47
10.63
11.29
10.31
11.74
15.18
10.06
7.36
8.54
12.97
13.93
16.35
11.36
10.00
11.32
10.26
11.11
11.89
11.96
12.08
9.51
9.70
13.38
7.41
20.17
11.27
14.02
13.24
17.48
22.41
10.16
25.69
11.66
12.08
9.69
13.28
15.11
8.60
15.46
12.10
13.39
12.32
18.16
17.50
14.25
12.69
15.81
14.11
11.54
12.15
12.93
11.00
13.46
14.66
11.64
14.13
13.08
18.46
18.68
13.65
13.63
16.76
14.58
22.99
15.69
12.73
16.46
19.74
19.52
17.66
19.53
18.86
12.68
15.24
17.46
15.13
18.08
12.81
14.40
15.94
29.17
27.43
18.19
17.63
16.75
18.83
15.09
15.29
22.04
25.11
26.06
22.50
18.32
15.38
35.05
1.69
3.82
0.40
-1.74
-1.42
0.63
-1.27
0.62
0.82
-0.37
1.88
0.53
14.49
7.89
14.97
4.92
9.26
7.60
6.49
6.21
6.81
8.34
6.81
6.53
4.11
7.90
9.28
8.64
6.13
9.19
7.64
8.27
9.40
7.33
19.40
7.81
7.26
10.72
12.01
16.89
14.28
13.19
15.94
13.95
15.09
14.76
13.68
23.39
16.17
20.38
27.63
22.94
18.56
0.58
2.81
-0.60
-0.48
0.01
9.75
3.88
5.54
8.07
4.03
4.73
7.99
6.92
8.70
12.61
7.32
7.87
8.82
8.49
6.44
14.64
0.41
3.55
4.98
6.50
3.36
3.17
4.24
1.47
1.92
2.37
9.50
6.73
6.48
7.74
13.51
8.49
13.89
14.03
13.73
16.97
17.70
22.65
23.37
18.65
26.12
17.15
28.28
31.36
25.18
22.89
27.85
25.97
0.50
0.54
-0.94
-0.21
3.10
7.09
3.48
5.41
4.80
3.86
7.33
7.79
9.23
7.18
12.13
6.63
6.81
7.63
6.70
9.78
8.42
9.06
11.46
13.60
19.19
13.05
12.17
11.39
10.00
13.59
10.33
16.12
13.96
14.72
19.14
16.21
22.13
21.64
25.27
13.45
14.25
16.72
16.57
18.49
21.18
24.59
26.72
21.97
14.79
16.55
16.45
19.17
17.26
23.99
15.80
15.96
16.65
28.13
25.18
23.57
29.47
26.40
29.38
32.86
19.73
22.96
31.06
34.10
33.51
24.05
30.26
27.78
26.58
28.63
29.60
30.66
39.36
34.47
14.45
2.24
18.47
3.61
5.28
4.00
7.38
3.74
4.47
1.14
13.95
5.91
6.45
10.61
7.63
6.18
8.29
6.20
5.72
5.86
6.48
4.90
6.98
7.25
6.82
15.43
6.91
12.88
5.27
10.18
7.14
7.74
5.93
8.26
8.10
7.48
5.73
8.90
5.66
7.52
8.63
8.69
19.52
9.50
9.53
9.05
10.38
8.60
10.07
11.84
12.50
11.91
14.13
15.02
16.01
10.23
26.08
18.72
15.85
17.93
17.77
13.09
20.94
11.12
16.75
18.21
22.46
15.64
19.25
25.34
13.12
13.47
20.83
19.14
20.08
20.18
13.38
24.41
15.96
22.20
19.53
12.72
16.66
24.27
21.53
22.12
13.81
22.74
12.10
17.63
17.98
17.47
12.60
21.77
30.42
22.30
19.94
37.08
29.99
29.01
20.86
24.15
20.49
28.18
25.43
10.91
21.42
31.94
20.38
29.87
32.94
23.55
30.65
17.58
21.55
24.50
25.77
25.25
18.66
2.56
8.31
2.98
7.26
4.22
12.42
10.23
2.27
7.40
11.41
4.14
13.79
3.15
2.84
1.29
3.37
4.63
4.81
4.15
6.27
5.51
3.96
7.58
5.24
5.13
6.77
6.42
10.04
14.11
6.18
6.96
6.17
8.10
16.38
6.63
7.49
5.62
6.25
8.71
7.50
6.28
6.09
7.36
7.97
8.16
5.65
6.91
7.80
8.09
4.74
5.75
7.65
8.63
7.16
6.22
7.93
7.98
5.62
8.12
5.55
7.85
10.27
9.54
7.61
7.02
7.45
7.94
6.27
5.60
8.31
9.08
9.12
9.42
13.30
10.35
9.30
9.98
8.40
13.97
10.00
11.33
14.96
14.42
20.85
26.01
11.04
14.74
13.15
8.75
18.39
15.18
16.58
17.39
18.43
19.89
20.01
13.98
24.97
15.84
18.18
20.24
22.48
14.70
16.46
17.89
17.70
14.98
17.99
17.76
22.20
24.19
21.19
21.46
18.96
13.42
21.49
19.71
17.94
20.87
22.27
19.96
23.18
21.75
21.11
21.60
21.19
19.99
22.40
21.09
19.24
22.43
19.30
21.64
21.23
32.58
24.90
22.75
14.92
19.14
23.00
16.06
26.89
13.41
25.66
32.07
14.66
29.08
25.97
12.86
23.11
24.63
14.51
14.25
24.26
29.45
-0.30
2.60
1.90
3.17
7.23
7.92
10.83
11.54
3.58
4.71
5.13
5.32
4.40
4.28
3.55
3.94
3.54
17.94
4.17
7.12
-0.14
3.68
12.46
4.06
9.06
2.38
6.14
4.59
8.44
9.64
5.89
7.02
11.00
6.59
5.79
5.86
10.71
7.27
7.96
8.13
6.21
7.23
8.63
9.91
8.67
12.64
9.29
9.82
8.44
9.02
6.24
13.03
9.46
9.81
15.00
13.40
10.98
18.91
18.43
15.60
8.18
18.13
19.87
12.47
8.69
15.36
18.91
14.18
13.54
6.53
22.82
15.75
16.92
15.56
17.33
14.06
12.16
22.86
20.15
16.44
18.44
13.79
19.83
20.75
18.02
17.52
17.78
19.56
20.41
19.77
19.20
18.31
21.14
18.81
22.70
4.76
25.74
1.97
-0.58
-0.03
0.14
-0.17
0.07
-0.11
-0.44
0.06
-0.16
-0.12
0.10
0.30
0.27
6.92
19.46
-0.25
-0.64
19.63
3.71
4.18
6.18
5.27
8.51
5.69
3.54
4.17
2.95
5.49
5.00
9.45
3.51
3.73
2.70
5.45
10.80
3.95
4.61
5.74
6.68
5.65
10.31
4.87
13.10
4.10
6.16
4.62
4.05
4.72
7.06
6.98
5.96
5.17
7.70
8.90
6.99
8.62
7.54
8.92
6.90
2.02
7.40
5.67
5.50
4.54
4.98
14.75
5.15
7.02
7.29
9.04
5.06
7.32
9.55
13.10
5.49
10.57
7.16
6.83
10.27
16.54
8.27
12.30
11.84
5.65
19.58
11.40
13.18
17.94
13.76
13.04
14.24
11.18
13.50
13.49
26.26
16.33
24.17
11.43
15.91
17.44
10.73
23.35
20.51
13.75
10.36
13.71
17.44
15.40
16.66
17.68
14.99
11.50
16.88
11.37
16.68
16.68
16.36
12.42
19.60
17.96
15.69
19.49
20.35
13.40
17.91
13.47
12.05
14.57
14.30
14.47
13.80
17.96
16.28
16.31
22.21
25.14
20.02
18.57
20.81
25.25
27.89
20.44
2.09
-0.47
0.13
2.16
6.19
0.54
-0.23
-0.39
0.10
0.26
-0.16
-0.22
3.99
0.16
-0.90
4.50
8.00
3.26
5.05
3.71
2.61
3.26
5.56
12.45
3.17
3.74
9.43
4.71
9.30
2.24
5.86
5.25
4.89
4.78
4.06
7.44
9.12
6.84
4.97
6.77
6.88
11.45
6.08
6.33
15.01
6.17
7.53
4.10
4.59
8.32
8.33
5.31
4.09
4.75
7.75
7.87
6.14
8.22
6.92
8.35
10.23
6.11
6.70
6.02
7.58
7.98
6.53
9.20
8.69
10.16
6.76
4.96
5.48
5.82
7.01
7.55
7.19
8.07
6.75
6.52
8.23
7.89
22.06
10.48
6.77
11.15
11.84
25.66
13.35
18.83
12.70
10.26
9.34
-1.46
11.00
14.66
11.92
14.73
7.68
23.42
7.35
14.27
16.25
21.89
13.23
14.27
15.30
10.12
19.53
13.57
15.31
27.85
26.52
25.71
21.63
29.45
25.17
14.65
28.72
20.48
31.55
36.42
29.38
17.39
0.07
0.41
-0.06
-0.12
-0.49
0.41
6.88
-0.33
0.11
0.68
-0.29
0.19
-0.10
0.75
2.50
10.13
12.19
5.34
5.96
7.33
3.85
7.38
5.32
8.25
7.00
6.14
15.19
4.65
7.29
7.01
4.30
5.30
6.11
7.06
6.72
9.20
7.23
8.51
13.85
6.54
8.32
9.77
6.87
13.08
2.71
8.88
2.39
0.21
-0.10
-0.47
-0.92
-0.19
1.89
0.61
10.38
0.99
0.85
2.52
12.80
0.42
2.19
-0.82
0.19
0.23
