0.00
0.00
4.24
4.40
4.32
5.07
5.93
8.71
8.65
9.17
9.52
9.83
9.46
10.53
10.09
10.93
11.60
11.50
11.16
11.22
14.52
0.00
0.00
0.00
0.00
0.00
0.00
0.00
0.00
0.00
0.00
0.00
0.00
3.79
4.71
4.41
6.89
6.83
6.44
9.77
9.03
13.21
14.02
15.26
15.71
16.19
17.31
17.57
21.27
26.40
29.09
31.24
0.00
0.00
0.00
0.00
2.99
2.46
2.38
2.04
2.56
3.41
3.49
3.51
3.40
3.43
3.64
3.69
3.84
3.89
3.78
3.62
3.69
3.59
3.56
3.23
4.56
4.06
4.64
4.06
4.79
4.96
4.31
4.06
4.75
4.67
4.78
4.76
5.86
5.92
5.49
5.91
6.34
6.46
6.18
7.76
7.87
7.10
7.30
7.40
7.28
8.77
8.78
8.78
9.51
9.68
9.85
10.59
10.15
10.01
10.05
11.92
11.48
11.09
11.40
11.03
11.94
12.13
13.05
14.05
15.47
15.08
15.20
15.63
16.17
17.98
21.33
23.95
25.59
27.52
27.59
29.24
29.24
30.79
0.00
0.00
0.00
0.00
0.00
0.00
0.00
0.00
0.00
0.00
0.00
0.00
0.00
0.00
2.85
2.57
2.99
2.90
2.84
3.00
3.48
3.53
3.15
3.96
3.71
3.39
3.61
3.75
3.34
3.42
3.95
3.11
3.94
3.75
4.39
4.03
4.39
4.94
4.55
4.73
4.29
4.20
4.62
5.91
5.16
6.06
6.57
6.58
6.98
6.54
6.33
6.92
6.14
6.79
7.18
7.02
7.70
7.44
7.42
7.77
7.13
7.16
7.49
8.67
8.78
8.09
8.23
8.76
8.42
8.02
8.07
9.25
9.97
9.22
10.97
10.20
10.72
10.18
10.15
10.21
10.82
10.21
11.58
11.00
11.97
11.73
11.83
11.64
11.26
11.05
11.19
12.45
12.34
12.32
12.12
13.50
13.87
13.17
13.60
13.44
13.21
13.69
13.11
13.53
13.51
13.66
13.42
13.23
14.02
14.00
14.84
15.00
14.92
14.20
14.90
15.05
15.73
15.40
15.60
15.72
15.10
15.02
16.28
16.82
16.67
16.25
16.91
16.68
16.91
16.60
16.47
16.19
16.39
16.61
17.67
17.92
17.36
17.78
17.64
17.88
18.69
18.46
18.80
19.79
19.57
19.61
19.67
20.64
21.10
21.50
22.87
23.48
24.56
24.27
25.07
25.82
25.91
26.47
26.97
27.83
28.14
28.56
28.14
33.39
33.52
40.16
45.93
47.03
47.74
50.87
0.00
0.00
0.00
0.00
0.00
0.00
0.00
0.00
0.00
0.00
0.00
0.00
0.00
0.00
0.00
0.00
2.96
2.86
2.87
2.81
2.91
2.95
2.98
2.88
2.53
2.10
2.98
2.81
3.20
3.40
3.26
3.45
4.97
4.88
4.03
4.81
4.85
4.66
4.80
4.59
4.79
5.13
5.49
5.52
5.94
5.71
6.58
7.28
7.65
7.49
7.04
7.49
7.04
7.42
8.86
8.57
8.33
8.82
9.00
9.22
9.80
9.00
9.62
9.69
10.05
10.14
10.45
10.09
10.12
10.10
11.03
11.97
11.07
11.73
12.97
12.86
12.92
13.16
13.02
13.78
13.35
13.48
13.56
13.99
14.81
14.07
14.11
14.15
14.25
14.43
14.60
14.34
14.97
14.62
14.96
14.56
14.47
14.15
14.44
14.70
14.12
14.25
15.90
15.20
15.45
15.67
15.82
15.12
15.08
16.00
15.85
15.77
15.89
15.93
15.99
15.04
15.40
15.01
15.76
16.75
16.53
16.48
16.47
16.81
16.93
16.70
16.02
16.84
16.64
16.68
16.83
17.49
17.18
17.55
17.89
17.55
17.41
17.28
17.51
17.86
17.84
17.68
17.05
17.79
17.59
17.62
17.98
17.50
17.85
17.96
17.18
17.64
18.48
18.24
18.89
18.70
18.79
18.52
18.95
18.92
18.27
18.70
18.75
18.21
18.60
18.38
18.77
18.81
18.42
19.72
19.62
19.52
19.69
19.85
19.31
19.79
19.88
20.88
20.17
20.06
20.69
20.82
20.99
20.98
20.13
20.37
21.52
21.68
21.45
21.66
21.02
21.44
21.86
21.87
21.94
21.53
21.58
21.33
21.81
21.97
21.84
22.22
22.85
22.57
22.99
22.20
22.38
22.63
22.41
22.27
22.61
22.63
22.22
22.86
22.76
23.59
23.65
23.01
23.71
23.23
23.20
23.22
23.46
23.98
23.50
23.57
23.39
23.77
24.49
24.24
24.12
24.16
24.83
25.98
25.57
25.63
25.55
25.59
25.81
26.23
26.97
27.62
27.79
29.59
30.38
30.67
39.11
64.20
0.00
0.00
0.00
0.00
0.00
0.00
0.00
0.00
0.00
0.00
0.00
0.00
0.00
0.00
2.87
2.34
2.60
2.66
2.89
2.94
2.87
2.49
3.57
3.97
3.69
3.34
3.86
3.49
4.36
4.01
4.92
4.93
4.67
4.73
4.86
4.74
4.85
4.78
4.73
5.39
5.58
5.89
6.74
6.14
6.20
6.39
6.61
7.84
7.10
7.79
7.82
7.99
7.71
7.43
8.66
9.70
9.17
10.98
10.21
10.04
10.87
10.11
10.48
10.12
11.22
11.14
11.05
11.81
11.37
11.94
11.81
11.24
12.15
12.89
12.05
12.79
12.29
12.16
13.63
13.52
13.60
13.49
13.07
13.31
13.37
13.50
13.25
13.11
13.52
14.75
14.68
14.96
14.92
14.62
14.75
14.51
14.27
14.96
14.45
14.27
15.12
15.02
15.03
15.42
15.97
15.15
15.15
15.42
15.37
16.54
16.75
16.59
16.82
16.70
16.41
16.81
16.62
16.66
16.08
16.13
16.47
16.06
17.00
17.87
17.63
17.73
17.46
17.50
17.90
17.68
17.24
17.25
17.60
17.98
17.96
17.78
17.33
17.09
17.04
17.92
18.22
18.67
18.63
18.76
18.40
18.15
18.68
18.33
18.69
18.78
18.73
18.94
18.32
18.24
18.52
18.77
18.01
18.93
18.29
18.08
18.32
18.13
18.85
18.27
19.10
19.16
19.61
19.12
19.84
19.82
19.32
19.84
19.56
19.42
19.89
19.66
19.06
19.01
19.94
19.60
19.42
19.55
19.78
19.39
19.31
19.33
20.56
20.39
20.72
20.79
20.94
20.94
20.27
20.49
20.00
20.70
20.93
20.44
20.92
20.17
20.66
20.18
20.58
20.76
20.51
20.76
20.68
20.83
20.78
20.47
20.01
20.86
20.92
20.78
21.00
20.67
20.48
20.92
20.70
20.44
20.96
21.11
21.31
21.87
21.09
21.47
21.19
21.58
21.23
21.20
21.15
21.64
21.24
21.94
21.64
21.83
21.50
21.89
21.67
21.89
21.97
21.40
21.20
21.79
21.56
21.46
21.68
21.84
21.09
21.35
22.17
22.11
22.82
22.99
22.11
22.00
22.46
22.65
22.64
22.87
22.14
22.57
22.90
22.86
22.54
22.28
22.90
22.93
22.31
22.30
22.53
23.92
23.52
23.65
23.21
23.79
23.87
23.76
23.58
23.16
23.41
23.03
23.12
23.28
23.19
23.25
23.46
23.61
23.57
23.83
23.24
23.89
23.60
23.20
23.70
23.28
23.76
23.49
23.58
23.66
23.70
23.43
23.74
23.50
23.13
23.58
23.80
23.64
23.00
24.83
24.73
24.57
24.83
24.44
24.19
24.67
24.77
24.60
24.45
24.02
24.91
24.23
24.79
24.01
24.89
24.35
24.65
24.04
24.79
24.56
24.96
24.42
24.67
25.23
25.73
25.97
25.94
25.62
25.84
25.78
25.59
25.47
25.10
25.81
25.52
25.95
25.66
25.99
25.38
25.21
26.57
26.37
26.22
26.05
26.42
26.96
27.00
26.56
26.44
26.75
26.96
27.45
27.88
27.70
27.93
27.38
28.35
28.22
28.49
28.33
28.92
28.74
28.44
28.32
29.72
29.94
29.30
29.53
29.03
29.34
30.68
30.74
30.00
30.26
30.04
30.63
30.64
30.97
30.63
31.84
31.07
31.95
31.39
32.46
32.11
32.43
33.24
33.88
33.88
33.72
34.26
34.02
36.18
36.67
36.10
37.43
37.59
37.23
39.49
39.91
44.83
45.50
46.51
47.92
47.92
70.59
59.90
59.58
77.43
0.00
0.00
0.00
0.00
2.84
2.23
2.22
2.92
2.83
3.48
3.30
3.80
3.43
4.27
4.47
4.15
6.59
7.68
7.25
8.17
8.47
9.07
9.51
9.37
10.06
10.24
10.47
10.16
11.43
11.21
11.59
12.46
12.20
12.31
12.20
13.95
13.11
13.63
13.29
13.56
13.13
13.97
13.93
14.26
14.33
14.92
14.53
14.76
14.05
14.79
14.54
14.75
15.60
15.06
15.52
15.82
15.44
15.53
15.91
15.51
15.54
15.61
15.84
16.53
16.87
16.00
16.95
16.66
16.29
16.94
16.55
16.38
16.59
17.83
17.08
17.22
17.46
17.99
17.30
17.47
17.92
17.29
17.57
17.25
17.15
18.14
18.47
18.48
18.23
18.04
18.29
18.07
18.02
18.39
18.54
18.98
18.75
18.19
18.17
18.24
18.88
18.59
19.21
19.92
19.13
19.21
19.91
19.88
19.80
19.06
19.60
19.89
19.33
19.42
19.44
19.53
19.36
19.86
19.78
20.91
20.93
20.38
20.44
20.59
20.91
20.84
20.52
20.04
20.52
20.90
20.45
20.61
20.76
20.10
20.01
20.24
20.41
20.07
20.31
20.15
20.91
20.14
20.76
20.64
20.37
20.79
20.72
20.38
20.83
20.29
20.77
20.81
20.12
21.46
21.94
21.51
21.90
21.16
21.34
21.48
21.98
21.68
21.19
21.27
21.97
21.92
21.94
21.74
21.38
21.89
21.43
21.64
21.71
22.54
22.43
22.85
22.06
22.47
22.93
22.08
22.56
22.96
22.98
22.41
22.95
22.63
22.84
22.66
22.94
22.54
22.21
22.95
22.54
22.35
22.75
22.62
22.16
22.85
22.03
22.38
22.25
22.91
22.89
22.21
22.89
22.27
23.60
23.33
23.78
23.73
23.05
23.23
23.42
23.90
23.53
23.39
23.84
23.70
23.86
23.64
23.05
23.23
23.10
23.92
23.61
23.05
23.53
23.30
23.03
23.87
23.25
24.40
24.20
24.87
24.74
24.25
24.95
24.89
24.77
24.93
24.01
24.56
24.80
24.46
24.83
24.06
24.10
24.93
24.52
24.41
24.25
24.93
24.75
24.79
24.20
24.06
24.31
24.94
24.18
24.11
24.48
24.06
24.11
24.64
24.79
25.27
25.24
25.56
25.31
25.00
25.80
25.84
25.41
25.57
25.00
25.28
25.24
25.04
25.05
25.97
25.60
25.70
25.91
25.97
25.38
25.13
25.94
25.96
25.45
25.79
25.10
25.22
26.00
25.99
25.50
25.92
25.46
25.69
25.73
25.70
25.62
25.97
26.64
26.25
26.93
26.78
26.37
26.13
26.59
26.83
26.17
26.34
26.02
26.29
26.02
26.14
26.88
26.24
26.66
26.93
26.92
26.77
26.60
27.70
27.75
27.64
27.93
27.53
27.85
27.37
27.00
27.01
28.59
28.52
28.81
28.67
28.84
28.09
28.26
28.97
28.28
28.11
29.25
29.21
29.51
29.44
30.62
30.33
30.68
30.74
30.81
30.10
30.29
31.21
31.53
31.09
31.69
31.44
31.00
32.98
32.65
32.20
32.86
32.09
33.59
33.66
33.20
33.71
33.18
34.25
34.48
35.90
35.65
35.20
36.28
36.29
37.72
37.54
37.45
38.58
38.85
38.29
39.82
41.26
41.96
42.53
43.96
43.75
44.58
44.45
51.38
50.98
67.81
53.40
65.28
57.05
52.17
89.95
80.96
50.39
57.05
77.59
0.00
0.00
0.00
0.00
0.00
0.00
0.00
0.00
0.00
0.00
0.00
0.00
0.00
2.72
2.98
2.61
2.83
2.38
4.64
5.67
5.01
5.75
5.98
7.79
7.69
8.90
8.06
8.12
9.06
9.18
9.46
9.05
10.72
10.48
10.10
10.20
11.39
11.36
11.82
11.66
11.71
12.50
12.39
12.33
12.63
12.85
12.77
13.72
13.70
13.28
13.14
13.67
13.29
13.72
13.44
13.52
13.68
13.60
13.13
14.49
14.73
14.75
14.64
14.89
14.80
14.53
14.86
14.81
14.86
14.09
14.15
15.69
15.56
15.73
15.82
15.84
15.77
15.83
15.02
16.49
16.10
16.57
16.96
16.35
16.81
16.84
16.73
16.72
16.99
17.63
17.65
17.53
17.42
17.73
17.93
17.91
17.08
17.31
17.47
17.69
17.95
17.70
18.94
18.04
18.55
18.41
18.17
18.81
18.78
18.13
18.75
18.90
18.21
18.54
18.73
18.60
18.57
19.27
19.36
19.89
19.55
19.19
19.33
19.66
19.89
19.13
20.90
20.83
20.95
20.19
20.62
20.80
20.54
20.73
20.49
20.21
20.36
20.99
20.89
20.07
20.94
20.13
20.15
20.77
20.55
21.43
21.84
21.40
21.26
21.78
21.38
21.14
21.41
21.48
21.91
21.35
21.05
21.31
21.85
21.49
21.32
21.93
21.89
21.27
21.29
21.82
21.48
21.60
21.18
22.45
22.06
22.80
22.79
22.09
22.25
22.31
22.76
22.35
22.83
22.86
22.48
22.30
22.86
22.60
22.44
23.03
23.30
23.20
23.71
23.18
23.48
23.79
23.22
23.88
23.41
23.60
23.19
23.16
23.88
23.32
23.36
23.00
23.68
23.13
23.85
23.98
24.98
24.37
24.73
24.69
24.05
24.03
24.70
24.14
24.93
24.93
25.52
25.62
25.39
25.78
25.46
25.08
25.27
25.50
25.51
25.59
25.76
25.24
25.25
25.35
26.35
26.09
26.75
26.02
26.88
27.11
28.67
28.71
28.20
28.85
29.66
29.52
29.09
29.58
29.97
31.77
40.21
44.20
60.92
54.55
0.00
0.00
0.00
0.00
0.00
0.00
0.00
0.00
0.00
0.00
0.00
0.00
0.00
0.00
0.00
0.00
0.00
0.00
0.00
0.00
0.00
0.00
0.00
0.00
2.48
2.22
2.39
2.66
2.91
4.76
4.23
6.00
5.97
5.23
5.39
5.02
5.95
5.35
6.63
6.22
6.80
6.94
6.58
7.09
7.02
7.26
7.56
8.62
8.79
8.47
8.13
8.64
8.97
8.21
8.24
8.37
8.72
8.80
8.74
8.14
8.63
8.76
8.22
9.20
9.51
9.05
9.86
9.17
9.40
9.38
9.68
10.39
10.74
10.92
10.39
10.25
10.87
10.69
10.64
10.65
10.50
10.29
10.84
10.33
10.94
10.96
10.93
11.68
11.95
11.65
11.80
11.54
11.55
11.51
11.31
11.27
12.21
12.23
12.40
12.11
12.48
12.56
12.17
12.73
12.11
12.20
12.54
12.05
12.10
12.18
13.96
13.62
13.66
13.38
13.21
13.57
13.69
13.78
13.31
13.06
13.62
13.98
13.22
13.50
13.06
13.35
13.82
13.12
13.60
13.11
13.30
14.49
14.38
14.20
14.86
14.23
14.23
15.03
15.26
15.57
15.64
15.75
15.67
15.63
15.26
15.54
15.07
15.08
16.28
16.15
16.87
16.52
16.22
16.18
16.30
16.94
16.30
16.39
16.83
17.97
17.34
17.03
17.21
17.13
17.88
17.93
17.63
17.65
17.48
17.47
17.44
17.51
17.74
17.78
19.00
18.51
18.08
18.67
18.24
18.36
18.10
18.11
18.32
19.27
19.31
19.57
19.16
19.84
19.44
19.97
19.70
19.55
19.43
19.32
19.56
19.77
19.06
20.48
20.33
20.64
20.78
21.84
22.24
22.18
22.66
23.55
23.64
24.85
24.07
24.12
25.36
25.70
25.25
25.41
25.51
26.82
26.77
30.49
30.74
30.36
31.74
32.64
33.53
34.96
35.03
36.82
38.27
75.27
53.76
0.00
0.00
0.00
0.00
0.00
0.00
0.00
0.00
0.00
0.00
0.00
0.00
0.00
0.00
0.00
2.19
4.73
4.37
4.71
4.88
5.36
5.39
5.91
5.55
5.30
5.87
5.18
5.11
6.90
6.94
6.99
6.93
6.22
6.77
6.63
6.22
6.06
6.38
6.83
7.29
7.51
7.46
7.77
7.91
7.23
7.60
7.42
7.33
7.53
7.66
7.26
8.47
8.36
8.29
8.43
8.05
8.56
8.19
8.87
8.29
8.54
8.45
8.95
8.63
8.54
8.42
8.75
9.34
9.59
9.08
9.28
9.71
9.72
9.18
9.99
9.44
9.76
9.16
9.33
9.83
9.36
9.95
9.42
9.80
9.36
9.75
9.05
9.52
9.17
9.59
9.06
10.92
10.21
10.35
10.97
10.65
10.97
10.89
10.32
10.23
10.27
10.14
10.81
10.18
10.55
10.04
10.77
10.44
10.34
10.66
10.37
10.44
10.58
11.26
11.90
11.40
11.78
11.25
11.25
11.20
11.69
11.70
11.59
11.62
11.58
11.70
11.07
11.28
11.23
11.68
11.48
12.82
12.05
12.24
12.55
12.95
12.30
12.72
12.28
12.04
12.39
12.70
12.54
12.75
12.69
12.53
12.78
12.77
12.47
13.34
13.24
13.69
13.56
13.65
13.84
13.94
13.03
13.08
13.47
13.16
14.08
14.60
14.04
14.08
14.24
14.32
14.38
14.44
14.97
14.68
14.01
14.18
14.23
15.59
15.37
15.11
15.36
15.01
15.15
15.28
16.86
16.35
16.37
16.85
16.61
16.03
16.56
16.40
17.59
17.29
17.18
17.47
18.52
18.96
19.83
19.92
19.88
20.26
20.85
22.53
23.44
23.76
23.84
24.01
25.96
25.15
25.82
26.95
26.18
27.50
28.87
31.82
38.52
39.36
41.13
44.78
90.76
59.15
0.00
0.00
0.00
0.00
0.00
0.00
0.00
0.00
0.00
0.00
0.00
0.00
2.49
2.39
2.59
2.64
3.00
3.14
4.36
5.07
6.06
6.76
6.87
6.89
6.68
6.66
7.92
8.81
8.96
8.22
8.95
9.09
9.10
9.59
9.25
10.57
11.38
12.71
12.96
12.61
13.08
14.12
14.65
17.96
18.43
18.55
19.95
24.75
24.26
25.07
29.19
32.47
33.30
0.00
0.00
0.00
0.00
0.00
8.88
3.40
4.57
4.80
5.52
5.91
6.65
6.88
6.86
7.98
7.69
7.98
8.80
8.56
9.09
14.65
0.00
3.88
3.59
3.32
3.61
3.68
3.54
3.56
3.53
3.48
4.74
4.34
4.09
5.94
6.86
7.96
8.31
9.82
16.11
16.26
16.15
19.57
19.18
20.31
31.58
33.91
33.98
33.94
34.56
34.27
36.82
37.93
0.00
0.00
0.00
0.00
0.00
3.81
3.73
3.40
3.64
3.69
4.38
5.67
6.91
6.58
7.83
7.40
7.32
7.15
7.68
8.78
8.32
9.01
9.09
9.91
10.95
10.47
10.30
12.67
12.56
12.04
12.31
12.01
13.39
15.31
15.18
15.76
15.04
16.01
16.43
17.56
17.08
17.26
17.05
17.01
18.76
20.18
20.34
20.21
24.04
24.93
24.75
24.23
24.74
24.81
25.11
26.57
28.66
28.27
30.92
31.91
31.25
34.00
33.21
33.83
34.57
34.51
34.33
34.19
34.17
34.58
34.18
34.41
36.95
63.27
55.00
55.25
55.02
61.16
0.00
0.00
0.00
2.91
2.98
2.81
2.93
2.56
2.85
3.07
4.28
4.81
5.75
5.23
5.73
5.59
5.74
5.58
6.72
6.96
6.88
6.26
6.51
6.80
7.80
7.10
7.21
7.99
7.39
7.90
7.87
7.26
7.34
8.44
8.37
8.10
8.87
8.17
8.37
8.39
9.38
9.49
9.15
9.36
9.52
9.96
10.82
10.04
10.18
11.13
11.53
11.20
11.12
12.55
13.52
14.08
14.52
15.92
15.58
15.88
15.60
16.32
16.36
16.62
16.96
17.32
18.48
18.98
18.89
19.95
19.49
19.50
19.06
19.49
19.98
21.56
21.14
21.63
22.09
22.20
23.56
23.38
23.54
23.58
24.45
24.85
24.27
25.32
26.88
26.67
28.89
28.05
28.06
29.15
29.28
29.99
29.18
29.35
29.26
29.74
29.76
30.41
30.20
31.10
31.37
32.47
33.55
33.86
33.96
33.69
34.23
34.07
34.41
34.56
34.25
36.11
48.53
58.93
87.50
0.00
0.00
2.95
2.94
2.89
2.45
2.51
2.99
2.66
2.94
3.68
3.91
3.08
3.28
3.52
3.36
3.36
3.48
4.84
4.10
4.51
4.72
4.78
4.81
5.36
5.55
5.89
5.35
5.19
5.35
5.27
5.62
6.00
6.53
7.00
6.39
6.81
6.51
6.20
6.88
6.72
6.13
6.33
7.73
7.38
7.32
7.45
7.10
7.68
7.51
7.69
7.48
7.19
7.74
7.59
7.37
7.63
8.39
8.81
8.08
8.27
8.29
8.14
9.09
9.12
9.18
9.25
9.76
9.40
9.87
9.02
10.10
10.21
10.36
10.47
10.28
10.17
10.65
11.23
11.02
11.26
11.11
11.51
12.97
12.21
12.88
12.13
13.01
13.69
14.98
14.15
14.75
14.70
14.86
14.30
15.18
15.14
15.48
15.14
16.59
16.97
16.82
16.74
16.40
16.39
16.34
16.59
17.42
17.71
18.83
18.88
18.35
18.17
18.24
18.01
18.66
18.56
18.30
19.95
19.03
19.96
19.33
20.45
20.78
20.33
20.83
21.48
21.73
22.48
22.28
22.36
22.12
23.01
24.19
24.78
25.66
25.54
25.31
26.13
26.00
27.95
28.85
28.55
28.03
29.73
30.86
30.21
31.10
32.32
33.74
33.64
34.26
38.03
42.12
54.97
0.00
2.92
2.92
2.97
2.93
2.59
2.49
2.66
2.95
3.14
3.35
3.57
3.49
3.28
3.54
3.60
3.33
4.71
4.36
4.48
4.26
4.04
4.24
4.22
4.26
4.01
5.31
5.05
5.26
5.03
5.96
5.85
5.60
6.22
6.51
6.18
6.84
7.95
7.25
7.34
8.67
8.89
8.78
9.34
9.76
9.14
9.03
9.23
9.41
9.35
9.38
9.33
9.17
10.31
10.11
11.26
11.95
11.83
12.57
12.06
12.01
12.53
12.55
13.16
13.11
13.20
14.86
14.13
14.25
15.35
15.51
15.29
15.43
15.44
16.32
16.30
16.15
17.91
17.09
17.02
17.02
17.51
18.16
18.21
18.56
18.89
18.92
19.58
19.72
19.90
19.35
19.73
21.58
24.10
31.53
31.56
44.74
0.00
0.00
0.00
0.00
0.00
0.00
0.00
0.00
0.00
0.00
0.00
0.00
0.00
0.00
0.00
0.00
0.00
0.00
2.96
2.56
2.69
2.94
2.67
2.97
2.84
2.97
2.74
3.00
2.75
2.39
2.89
3.61
3.48
3.94
3.49
3.96
3.57
3.60
3.77
3.83
3.50
3.07
3.62
4.41
4.20
4.77
4.67
4.66
4.98
4.27
4.88
4.10
4.24
4.88
4.81
4.01
4.65
4.80
4.89
4.63
4.52
4.79
4.83
4.12
5.93
5.71
5.86
5.57
5.98
6.95
6.96
6.71
7.19
7.82
8.27
8.41
8.78
8.54
8.53
9.05
10.87
10.95
10.07
10.05
10.15
10.71
11.36
11.59
11.63
11.76
12.94
12.32
12.69
12.53
12.57
12.93
12.42
13.82
13.50
13.80
13.94
13.56
14.03
14.91
14.75
14.29
14.62
14.44
14.85
15.04
15.12
15.70
15.71
15.20
15.31
15.31
16.77
16.59
16.22
16.03
16.07
16.49
16.35
16.77
16.43
17.50
17.18
17.17
17.03
17.17
17.27
17.14
18.58
19.47
20.08
22.85
23.67
25.04
30.51
33.43
33.12
34.12
67.42
0.00
0.00
0.00
0.00
0.00
0.00
0.00
0.00
0.00
0.00
0.00
0.00
0.00
0.00
0.00
0.00
2.36
2.87
2.86
2.34
2.37
2.96
2.79
2.80
2.88
3.95
3.68
3.37
3.39
3.56
4.93
4.64
4.37
4.64
4.90
4.26
4.55
4.90
4.77
5.40
5.11
5.76
5.96
5.94
5.62
5.48
5.86
5.48
5.38
5.62
5.75
5.46
5.03
6.16
6.81
6.58
6.76
6.10
6.15
6.60
6.40
6.81
7.79
7.44
7.65
7.13
7.34
7.68
7.02
7.83
7.54
7.13
7.78
7.07
8.78
8.05
8.69
8.09
8.01
8.66
8.16
9.52
9.42
9.69
9.95
9.27
9.76
9.44
10.09
10.62
10.53
10.71
10.82
11.12
11.13
11.41
11.54
12.49
12.18
12.12
13.81
13.10
13.36
13.25
13.33
14.90
14.67
14.75
15.49
17.08
23.20
25.94
26.50
26.64
28.18
29.21
29.13
31.33
35.75
37.58
38.94
51.88
66.74
91.01
0.00
0.00
0.00
0.00
0.00
0.00
0.00
0.00
0.00
0.00
0.00
0.00
0.00
0.00
2.41
4.72
4.67
4.98
4.24
4.41
4.87
5.42
5.97
5.45
5.43
5.85
5.37
5.90
5.19
5.65
5.98
6.23
6.13
6.34
6.62
6.43
6.15
6.71
7.32
8.61
10.05
11.63
12.46
12.79
14.54
15.76
0.00
0.00
0.00
0.00
0.00
0.00
0.00
0.00
0.00
0.00
0.00
0.00
5.65
0.00
0.00
0.00
0.00
0.00
