2.06
2.70
3.46
3.48
3.71
4.56
4.24
7.50
6.10
10.11
8.46
10.12
6.19
8.68
6.67
8.56
9.34
9.81
5.88
11.20
6.96
5.58
8.36
-1.74
-0.01
3.58
-2.52
0.04
3.04
2.90
1.31
-1.47
0.71
1.56
3.79
2.55
9.24
3.03
8.39
5.39
17.33
6.24
11.91
6.77
22.70
22.93
17.31
22.98
4.13
-0.79
0.87
-0.06
6.81
10.35
7.63
6.78
6.30
1.65
9.25
6.83
4.43
2.34
14.13
0.89
3.12
4.69
8.11
2.87
4.36
2.70
3.56
2.36
5.00
1.88
7.31
5.77
6.20
5.72
5.38
4.87
1.60
9.77
11.10
4.94
9.11
6.81
3.04
4.95
7.77
5.34
8.32
4.60
11.07
5.83
9.65
4.95
14.31
17.05
7.90
9.12
10.57
12.52
10.82
11.01
9.12
5.90
9.62
12.56
9.27
6.05
9.09
4.78
3.90
10.12
8.75
6.70
9.23
10.44
9.38
10.96
9.80
11.11
11.59
12.80
9.65
10.37
18.72
12.52
15.48
12.97
12.51
13.80
15.65
16.60
16.26
17.77
24.33
11.82
25.47
26.79
12.00
26.62
21.16
25.20
3.43
-0.80
5.44
0.49
0.00
-2.74
1.17
4.06
8.23
6.51
1.56
1.77
2.78
-0.05
0.65
1.33
-0.67
2.41
-0.77
3.02
8.33
3.96
7.19
2.51
4.88
3.93
5.37
2.01
3.84
4.50
3.94
1.65
3.66
1.12
6.16
1.78
9.91
3.46
1.73
4.98
4.78
4.80
5.62
8.73
21.85
10.28
6.88
8.62
15.99
7.36
12.52
8.36
8.73
4.33
6.91
9.60
5.13
6.90
8.52
17.11
9.53
6.60
14.89
8.10
10.41
7.63
6.38
16.10
9.36
10.14
8.18
10.57
8.16
14.78
8.94
10.43
15.96
13.16
17.01
11.97
9.07
11.66
15.74
11.22
10.87
17.82
18.09
14.09
17.54
13.33
12.01
17.99
10.17
12.91
16.04
17.42
12.69
12.07
14.32
19.30
16.23
14.66
14.26
14.54
13.63
8.15
12.04
25.26
11.53
18.65
19.29
15.08
12.49
13.97
7.45
13.55
16.29
23.00
10.22
15.35
16.44
17.94
15.29
17.63
19.24
26.09
14.93
16.15
12.41
15.81
19.16
22.02
22.89
10.25
16.77
12.77
22.05
24.43
20.69
20.06
16.79
17.48
16.73
14.69
13.40
12.53
18.15
20.97
17.37
22.62
12.81
10.77
16.29
8.90
17.04
27.82
24.40
30.90
15.68
21.88
20.04
18.90
25.98
22.99
19.22
18.28
24.01
-0.19
3.65
4.94
-0.19
2.22
-0.22
-0.08
1.43
4.96
-0.87
0.28
1.10
2.31
0.88
0.52
0.01
5.63
2.64
3.35
7.57
4.67
2.35
9.49
2.23
2.24
5.95
2.14
8.62
3.13
1.82
6.71
4.72
3.63
4.50
11.27
10.44
19.03
5.71
11.25
5.12
6.27
10.41
8.91
5.23
7.49
6.75
9.94
13.40
6.70
4.32
7.65
10.73
13.27
17.15
11.30
8.83
10.21
9.51
11.36
9.49
7.55
10.46
14.82
12.36
11.58
21.29
16.95
16.03
14.66
23.38
9.24
21.37
10.41
17.82
14.70
12.57
21.86
9.03
17.69
12.78
7.69
18.36
9.63
13.89
26.45
19.18
17.45
21.43
7.35
17.89
17.61
19.81
5.36
19.32
21.45
11.31
17.97
18.14
11.54
12.19
15.62
14.15
19.67
15.22
23.80
11.33
12.64
14.03
10.12
16.01
12.17
15.87
12.26
8.66
11.68
10.99
18.19
7.55
11.91
18.71
5.31
16.97
16.39
29.71
18.33
17.58
20.06
21.06
18.63
13.99
19.27
18.29
11.43
13.42
9.93
18.95
11.16
18.29
17.09
18.20
19.40
18.77
12.71
21.36
19.24
12.46
14.90
20.06
11.11
17.24
22.10
16.59
14.45
18.74
18.07
19.06
18.92
15.88
19.43
15.69
16.85
17.52
16.61
20.35
23.35
23.99
11.57
22.80
27.37
18.66
19.90
17.23
19.97
22.75
22.18
15.27
12.70
10.19
10.15
21.77
24.60
17.80
19.88
16.94
21.86
17.48
19.64
18.08
15.40
18.38
21.53
19.50
16.06
17.11
22.11
21.16
24.27
21.50
16.62
27.77
20.61
18.58
17.95
21.58
17.67
18.98
16.67
18.26
19.04
19.05
25.32
22.10
20.75
17.23
21.32
19.47
20.22
25.25
21.05
16.40
11.20
18.04
20.57
23.28
21.61
21.66
17.34
20.77
11.20
6.89
15.83
26.29
19.88
16.68
19.84
21.67
24.52
21.47
15.63
17.93
22.52
26.11
16.04
16.28
16.25
19.38
17.97
17.52
30.75
25.52
18.44
20.45
15.07
14.32
17.43
11.52
22.88
28.03
3.29
2.19
-0.13
-3.00
-1.17
0.95
7.14
4.56
0.60
1.83
-0.50
-0.46
10.70
1.11
1.38
1.21
13.72
2.40
3.94
2.66
4.26
21.86
17.07
4.71
11.66
8.21
2.10
8.08
10.08
3.67
6.60
11.19
4.40
9.87
2.76
7.87
22.13
7.17
5.32
6.12
15.40
7.90
10.60
12.06
9.04
6.92
8.46
8.33
9.27
8.80
11.24
10.44
12.16
7.24
8.40
14.35
7.40
4.90
10.47
7.09
16.22
14.41
11.94
11.36
7.51
13.87
30.19
13.50
15.26
20.96
29.12
13.72
14.42
14.10
9.24
16.72
20.03
22.26
15.68
17.00
15.25
10.79
17.96
14.69
12.66
14.48
8.43
14.04
16.95
11.48
19.70
12.41
6.33
11.24
22.97
14.54
8.90
11.23
22.00
20.77
18.34
9.60
16.62
6.06
15.93
21.15
22.24
23.28
19.54
15.22
14.25
22.80
13.59
16.70
14.73
18.94
24.17
9.38
22.48
18.51
14.55
21.88
9.43
15.19
12.61
9.56
19.95
13.77
15.13
13.36
21.77
21.44
12.35
12.58
20.89
12.86
15.20
16.38
23.18
7.81
22.99
22.85
9.56
14.44
23.56
18.90
11.67
20.93
23.97
17.50
7.80
21.53
27.31
21.54
16.44
18.18
22.50
22.44
11.81
25.02
14.37
23.40
23.73
12.22
20.99
19.09
18.34
25.45
15.23
19.47
20.44
24.45
14.01
22.31
20.94
16.94
19.18
26.22
21.65
21.57
21.69
24.47
23.14
19.60
20.69
25.50
15.22
23.69
16.99
19.87
21.65
17.30
10.34
20.81
23.93
21.22
20.36
22.22
23.54
20.59
17.14
24.59
21.06
20.17
17.81
21.96
26.17
21.54
16.58
18.27
20.85
25.95
27.77
18.52
24.54
20.21
22.88
19.17
21.05
16.28
23.12
32.72
27.56
22.94
22.42
25.25
18.89
23.15
25.68
10.14
23.17
21.35
24.42
19.85
22.34
25.52
23.06
19.96
23.35
19.63
26.82
22.64
20.97
24.24
24.79
24.19
19.15
23.12
19.57
30.46
24.20
21.74
22.18
23.76
19.43
23.51
23.00
23.99
25.73
27.49
24.27
18.74
23.47
20.78
20.08
21.66
20.25
21.97
22.32
25.67
22.57
22.64
19.13
20.52
24.55
15.97
22.37
22.50
17.48
25.32
25.35
30.31
27.23
20.08
20.53
18.75
21.16
22.51
18.72
17.11
19.19
27.50
20.94
25.55
21.46
25.35
26.01
19.85
25.29
23.05
18.64
18.93
27.25
23.10
19.97
19.53
14.65
20.18
29.06
20.65
19.72
28.45
11.35
19.64
23.89
22.38
20.61
21.31
13.94
23.41
28.16
25.02
21.95
23.76
29.91
29.14
28.87
23.05
21.36
19.56
27.19
22.25
22.31
31.06
27.47
23.90
27.27
22.87
27.50
17.89
20.20
30.35
27.83
12.97
24.58
28.37
23.00
21.23
18.42
29.86
23.33
28.54
27.78
19.83
23.94
25.58
23.87
18.55
23.65
28.52
21.59
23.49
21.26
21.46
19.28
24.20
23.73
17.88
23.91
27.15
23.21
28.82
21.78
32.25
16.37
28.11
21.18
24.46
17.41
27.07
21.96
25.69
8.20
26.51
27.39
26.29
27.50
26.43
26.91
29.81
26.04
20.10
27.89
25.11
23.71
26.06
25.62
3.52
5.52
2.08
10.98
4.57
3.75
6.12
9.70
5.73
20.20
9.21
9.44
17.77
17.74
5.81
14.07
16.72
16.75
14.95
11.29
16.53
9.87
19.79
14.12
7.97
13.16
12.00
15.06
15.24
12.49
16.25
14.38
12.28
22.21
14.83
22.27
9.57
20.65
16.47
18.36
17.15
16.99
14.50
11.17
24.47
15.17
20.64
25.84
17.39
16.98
19.59
13.71
18.47
17.56
21.18
18.86
13.38
20.07
19.59
18.94
12.16
24.61
19.64
15.72
16.02
17.25
16.99
23.71
20.46
26.23
18.73
18.93
14.67
21.53
17.86
21.77
17.09
23.79
8.27
22.41
19.78
22.97
20.48
20.12
21.55
22.23
16.45
18.05
21.66
21.59
19.87
18.33
22.09
20.80
23.53
19.57
19.50
20.80
19.10
19.80
19.83
23.82
16.10
23.28
17.42
19.31
17.96
18.58
22.46
21.73
25.33
22.64
26.97
22.34
26.25
22.49
18.03
19.23
17.84
14.29
21.08
17.91
23.17
22.38
21.41
21.49
23.31
18.27
22.95
22.46
20.73
22.47
13.92
28.96
25.89
21.63
17.76
23.44
15.56
22.76
20.85
21.54
18.33
20.11
23.46
21.85
22.98
16.88
25.37
23.21
23.32
20.01
21.49
21.19
17.47
22.48
24.67
24.58
20.30
18.24
20.77
22.74
18.08
20.28
25.12
25.04
19.90
19.25
19.71
24.22
24.49
22.71
19.97
18.04
22.13
23.14
15.96
20.88
26.42
17.89
19.12
20.22
20.77
19.98
22.29
21.78
19.03
23.86
15.03
24.33
18.22
14.27
12.02
24.22
21.84
21.37
23.02
21.23
28.38
24.37
23.35
18.47
22.37
24.06
22.67
22.86
17.97
23.55
25.21
18.47
15.94
20.12
11.38
19.38
20.70
25.48
11.62
28.57
28.64
23.21
22.40
15.00
20.27
27.01
26.63
20.93
20.06
21.77
28.35
25.80
21.69
21.94
21.45
25.39
24.06
25.70
21.50
26.44
24.48
29.51
21.95
23.67
25.30
23.45
19.16
21.56
25.01
22.76
16.54
23.78
24.59
19.02
20.72
29.73
23.95
20.94
25.77
22.55
18.42
19.13
14.22
21.86
23.73
19.93
21.38
21.89
23.24
21.99
22.13
25.30
24.62
19.09
24.16
25.41
18.54
20.45
19.11
20.21
29.43
26.19
29.66
23.28
14.30
25.81
27.66
25.48
26.51
25.45
25.07
16.53
25.59
15.05
22.76
32.66
17.89
16.11
22.93
28.60
15.98
26.17
29.50
25.28
19.19
24.49
20.01
20.22
30.30
25.86
19.54
27.19
24.96
24.30
28.06
25.29
28.09
29.43
22.46
27.82
18.47
28.53
30.49
28.94
20.36
21.09
22.58
23.17
21.18
24.88
19.85
18.77
30.08
26.76
26.38
24.63
24.55
19.94
26.14
27.57
22.77
23.69
26.69
21.68
27.82
26.51
23.15
29.09
22.09
24.79
15.92
27.17
23.67
29.20
27.80
17.27
17.95
25.02
28.63
22.35
23.61
15.51
19.66
26.63
27.15
25.30
29.31
14.06
18.82
25.91
29.95
25.27
24.83
21.14
25.64
29.33
29.89
28.27
31.32
19.52
25.41
30.65
32.45
28.42
9.37
4.07
3.26
6.61
3.75
3.70
1.46
10.29
-1.15
1.05
8.55
-2.53
0.17
4.06
6.64
3.14
10.95
9.09
12.95
8.26
8.75
2.86
6.74
11.00
10.93
5.47
10.65
13.22
7.23
10.38
20.62
10.03
14.84
16.92
11.21
9.05
9.97
18.22
13.05
15.11
12.42
17.45
13.18
10.23
12.33
21.05
15.08
12.69
16.96
7.44
11.49
11.76
11.31
23.40
16.77
11.71
16.35
13.06
20.58
18.65
14.94
13.23
15.23
20.81
20.06
16.72
15.62
18.43
13.36
22.70
10.85
14.84
20.34
12.12
19.27
8.53
13.51
23.32
11.04
23.94
18.80
9.23
17.62
14.21
24.85
15.20
21.30
15.48
20.83
13.81
18.90
14.79
17.81
13.65
19.63
14.94
16.06
9.21
11.28
21.10
18.17
17.69
15.96
14.28
22.56
16.31
21.11
16.80
14.57
21.37
10.04
25.25
12.11
16.73
12.84
14.68
19.97
21.89
19.60
17.73
19.23
16.73
22.58
21.45
17.51
9.22
21.52
18.61
21.63
24.84
19.33
16.24
15.37
18.02
19.27
10.64
15.58
16.66
21.47
7.36
20.55
19.29
7.50
25.50
19.65
17.71
16.01
22.80
20.17
19.70
23.44
20.56
13.59
17.85
13.22
23.09
21.61
23.82
16.25
11.57
18.34
19.35
23.28
17.86
18.65
20.77
19.15
17.84
18.82
19.16
14.38
18.62
12.36
22.77
20.86
19.40
19.93
22.65
13.88
18.05
20.39
21.32
26.05
15.70
21.64
22.23
20.27
20.19
18.06
13.82
20.23
20.79
18.34
22.15
17.65
14.55
21.40
20.36
15.79
24.48
6.13
20.50
21.06
13.33
17.30
10.56
24.11
18.04
15.90
21.02
15.44
23.20
25.06
22.71
19.34
17.59
20.31
21.26
21.81
17.77
21.05
17.52
22.52
19.66
20.38
22.46
17.81
24.84
22.52
21.20
22.21
23.75
15.63
20.64
19.81
15.62
19.80
6.57
22.93
20.91
18.96
17.99
21.23
20.02
20.57
26.08
14.10
27.82
14.68
20.90
19.80
22.60
20.60
24.23
17.01
15.35
23.49
17.30
26.53
23.15
32.58
17.47
26.34
18.37
29.41
29.64
25.22
12.31
16.99
18.07
16.20
14.41
23.36
32.28
21.17
15.46
-2.23
8.78
2.07
0.48
3.76
1.23
-0.08
-0.13
0.88
4.86
0.35
1.92
3.23
1.12
6.50
1.27
-0.37
7.95
4.81
5.38
10.63
9.16
6.81
11.26
2.06
10.24
5.33
8.69
12.22
10.44
10.98
12.52
10.56
6.89
8.07
4.97
7.92
10.52
9.11
6.16
6.24
7.73
5.02
12.29
13.94
8.88
5.85
14.25
12.34
9.20
5.67
14.03
9.03
6.92
8.14
7.20
7.75
10.14
11.72
7.05
14.93
14.30
21.04
12.57
16.05
10.64
8.29
12.72
14.70
13.21
10.60
19.45
10.51
8.13
10.24
7.19
14.33
11.14
13.41
15.17
6.99
9.59
14.96
7.37
12.58
9.05
5.47
15.08
15.42
18.63
10.46
11.85
17.05
12.42
8.01
11.39
14.26
10.22
12.83
13.75
13.93
12.09
9.33
15.14
11.70
14.16
16.78
13.93
13.83
18.30
11.95
12.29
12.05
13.67
10.30
12.16
18.89
15.27
14.62
14.86
13.00
15.75
17.79
14.97
11.64
11.93
12.54
18.15
16.32
21.99
13.15
19.83
11.08
9.42
19.48
9.06
13.67
15.41
18.25
12.80
16.01
9.65
13.46
15.18
18.58
10.35
17.43
16.16
16.11
15.21
21.98
19.02
17.19
20.94
13.35
16.68
11.76
12.20
11.33
18.52
17.91
16.16
22.65
13.71
13.28
17.38
16.48
17.38
11.12
20.16
15.64
16.23
18.91
19.63
21.64
13.89
13.00
29.86
17.34
19.91
15.38
17.16
19.77
16.53
20.78
20.18
20.69
18.33
17.77
20.43
23.30
19.30
22.41
15.95
12.03
17.96
24.27
20.68
9.19
14.17
19.61
18.95
20.83
11.42
16.54
32.99
23.67
26.63
12.16
23.09
23.70
20.52
21.97
3.98
2.14
1.71
0.18
1.52
0.10
4.24
0.59
1.57
0.42
0.64
0.27
-0.21
0.15
0.44
0.68
0.30
-0.42
2.25
1.79
6.33
4.96
3.19
7.55
5.80
8.65
9.07
9.07
14.28
8.87
2.93
12.69
6.26
7.76
15.22
5.24
9.54
12.55
16.40
9.27
7.39
6.07
9.72
7.61
8.64
11.03
13.12
14.63
13.14
9.92
14.39
13.40
8.59
12.24
11.48
9.02
10.69
10.12
9.99
6.99
10.19
9.68
9.48
12.03
9.86
9.95
16.92
9.63
15.97
8.33
8.86
8.02
7.12
9.99
5.81
9.51
10.93
17.61
16.86
10.14
10.20
17.16
11.35
13.14
9.69
10.20
8.82
9.62
11.76
12.11
10.75
12.22
18.07
12.65
8.67
11.24
7.05
7.91
24.59
12.39
13.54
12.58
13.22
8.34
3.78
12.40
11.14
10.54
8.31
5.63
15.72
11.01
11.26
8.14
9.30
5.52
14.88
11.02
8.84
10.80
13.82
9.75
18.06
12.08
15.51
13.21
13.52
9.78
9.02
14.49
12.62
11.03
15.95
11.82
15.75
10.83
16.52
10.45
13.73
8.52
11.50
10.67
8.40
8.59
17.33
6.54
2.31
10.06
10.79
12.42
9.56
9.68
14.45
12.95
7.29
15.90
9.16
14.19
16.30
7.91
12.79
9.61
9.80
15.43
9.13
12.32
5.49
14.15
16.27
14.15
14.93
15.91
12.18
7.57
18.40
4.82
11.70
14.25
19.46
15.98
8.55
10.33
13.24
12.08
12.03
13.28
11.50
11.74
14.81
13.36
8.79
14.92
14.77
20.37
23.77
11.66
8.45
4.72
12.88
12.47
15.01
14.92
16.96
13.54
17.76
14.07
4.13
20.70
10.98
12.68
13.63
20.30
13.08
19.28
22.93
15.73
24.00
15.92
29.11
15.18
17.05
14.71
14.99
13.01
20.03
17.68
15.35
21.00
23.92
23.81
14.12
20.19
14.87
18.70
23.42
16.53
12.30
28.92
15.74
29.50
23.52
30.00
13.73
17.75
27.94
27.23
21.90
2.17
-0.98
3.47
2.63
-0.55
5.59
4.77
0.68
0.23
4.18
-0.35
-0.40
3.29
0.33
9.24
6.65
2.37
8.44
11.79
4.65
14.18
9.27
11.85
10.17
8.47
6.15
9.33
6.24
9.13
6.40
10.68
7.81
7.83
10.01
9.75
12.89
8.88
13.69
10.56
8.90
9.21
10.13
10.73
22.09
16.46
11.56
11.05
10.50
13.28
14.21
8.76
8.32
12.38
11.82
6.41
20.78
18.21
13.33
25.35
18.68
8.07
18.77
9.66
24.51
17.66
22.06
12.02
5.66
14.75
24.58
9.45
31.10
18.83
17.81
11.82
25.52
23.18
20.76
21.60
20.54
-0.33
1.31
0.46
5.86
10.27
6.82
2.41
4.79
11.11
5.61
5.47
6.61
3.38
12.12
4.55
7.38
8.48
7.86
10.87
17.58
6.76
2.21
6.05
4.49
3.25
7.38
3.91
5.38
3.54
1.01
11.00
3.51
16.64
4.69
3.32
6.31
7.43
9.96
12.25
6.10
22.44
16.84
19.64
17.49
22.97
23.48
26.20
24.36
17.67
26.91
-0.39
2.19
1.68
2.35
-1.77
0.30
1.45
7.74
7.98
5.03
8.28
6.57
13.02
9.49
6.01
13.02
6.36
13.46
3.74
6.11
11.77
10.83
2.50
10.57
8.49
12.72
17.41
13.24
10.25
11.58
14.04
13.16
17.02
19.06
17.39
19.08
17.55
7.95
12.08
17.40
17.62
20.06
17.19
11.56
13.86
9.80
14.26
21.85
15.61
20.74
18.91
20.60
16.04
10.33
19.91
20.64
23.49
22.23
27.54
23.16
19.13
13.47
29.97
22.86
30.12
22.24
22.35
25.73
22.09
18.22
23.73
27.92
24.85
17.80
19.47
17.66
16.62
24.79
27.51
12.97
23.67
22.37
30.85
18.43
32.40
4.36
0.82
3.85
3.41
13.55
5.46
5.70
9.74
7.55
4.87
9.05
4.35
14.20
10.05
3.38
4.36
9.12
7.87
6.11
5.73
9.46
11.96
9.29
10.77
7.56
8.30
10.28
9.37
8.04
10.07
7.66
8.45
5.68
7.50
18.08
9.11
8.74
11.67
13.21
11.17
8.10
10.34
7.38
6.94
5.54
8.16
13.51
5.81
17.15
9.56
14.30
5.86
9.42
19.54
13.99
22.73
20.99
8.59
14.56
15.65
14.81
8.85
10.32
13.21
15.53
15.96
21.33
17.99
15.24
22.95
12.83
19.75
15.68
9.77
23.25
20.40
16.15
19.85
12.86
16.58
17.38
26.63
12.52
19.56
26.79
18.31
23.74
14.66
29.34
21.58
23.75
20.99
23.25
7.34
12.10
25.46
19.86
21.19
29.20
16.10
20.31
27.34
20.80
22.07
15.91
13.13
28.11
29.29
12.59
14.61
16.22
15.47
23.04
24.65
32.58
30.37
26.66
5.75
3.40
4.77
0.84
-0.99
12.53
3.17
4.34
9.22
3.98
4.83
1.68
13.09
6.26
9.85
4.67
3.06
1.72
1.18
5.34
3.27
2.76
7.34
7.88
5.69
5.82
12.78
3.87
6.46
6.52
8.43
8.71
7.48
8.85
9.39
8.79
5.28
6.65
9.22
19.16
8.92
12.58
5.21
6.59
5.84
5.30
6.77
5.62
5.90
4.87
6.74
5.60
14.92
5.96
5.37
6.49
7.52
8.57
7.22
4.96
7.36
10.45
10.19
8.92
7.64
12.45
12.91
15.10
9.52
13.79
17.80
9.55
8.61
14.05
5.71
10.64
13.95
15.90
21.78
20.38
15.86
14.07
17.50
22.91
21.19
18.27
15.14
15.54
19.54
16.63
16.27
17.23
15.90
22.24
18.10
14.93
17.11
23.29
19.95
14.40
19.90
11.46
11.82
16.29
17.87
22.72
14.54
15.87
25.36
17.13
19.84
18.52
21.46
21.36
24.85
22.41
21.25
11.47
19.90
20.19
31.31
22.05
26.28
29.42
16.69
19.75
11.53
18.20
23.08
28.26
33.47
26.98
5.26
4.55
5.48
2.70
6.67
1.74
10.33
12.22
4.77
13.46
3.88
10.87
1.70
3.45
7.48
3.05
4.02
-0.39
2.33
0.99
4.35
15.16
7.83
3.26
4.24
12.90
4.13
5.61
7.10
13.29
10.56
6.39
7.13
6.45
8.35
8.97
6.89
4.47
7.90
7.73
10.59
6.92
11.86
12.68
11.01
10.35
16.72
21.29
15.92
10.75
17.05
20.37
13.84
17.77
15.92
20.01
18.24
22.44
20.67
15.76
18.31
12.90
16.58
11.88
27.86
15.91
17.45
22.50
20.10
23.27
18.44
17.38
19.05
26.42
10.88
19.75
25.32
19.00
0.52
0.85
0.50
1.38
0.58
1.39
1.27
0.29
1.45
-0.03
1.53
9.67
5.39
8.56
5.20
0.91
4.59
7.60
0.53
6.27
2.58
6.11
8.80
5.93
7.52
5.77
6.41
5.88
5.65
2.16
1.92
7.14
2.16
6.21
3.29
3.04
9.09
9.66
11.43
3.67
4.94
4.83
3.46
6.67
9.59
2.51
3.53
0.94
1.42
12.52
13.50
5.30
4.68
6.54
6.23
5.30
6.30
2.82
3.91
5.55
2.65
4.35
9.38
4.03
9.09
4.69
1.63
7.13
7.52
7.02
7.45
7.81
9.90
3.56
5.90
11.06
2.57
2.21
4.60
11.78
6.89
6.98
12.95
8.43
15.80
10.75
7.22
7.97
8.92
19.15
7.60
6.57
7.95
13.91
9.04
11.19
10.99
7.95
20.46
14.29
13.89
16.23
17.22
12.48
18.16
11.05
14.20
18.91
25.63
19.21
15.93
20.23
20.09
18.42
16.73
14.99
23.77
18.59
14.28
8.75
13.32
21.39
17.06
14.69
13.47
12.87
12.72
16.31
18.10
24.84
21.25
19.03
15.26
15.96
15.50
16.15
21.48
8.90
11.73
15.78
19.39
17.37
19.37
5.00
0.46
0.09
0.24
1.45
-0.17
1.32
0.49
3.22
-0.29
-1.04
6.02
0.13
1.15
0.99
8.47
14.49
2.19
22.56
5.74
10.94
4.12
4.15
4.04
4.51
3.76
5.36
3.97
10.65
2.46
6.77
6.05
9.81
7.78
8.13
6.67
9.13
3.86
4.52
5.36
3.80
7.72
4.57
9.74
9.25
7.56
5.54
8.26
8.20
5.16
12.71
11.32
6.83
6.41
9.40
4.76
12.16
5.91
6.60
6.33
8.03
6.75
13.67
10.77
6.79
14.01
3.79
9.01
12.72
6.57
10.93
7.73
10.24
10.12
7.15
12.29
10.20
13.88
12.55
13.65
9.06
9.97
8.40
6.37
8.50
12.66
9.26
11.89
15.39
6.87
7.84
8.34
12.37
15.29
8.57
22.91
17.53
10.60
8.44
12.93
14.73
11.89
31.79
16.84
7.92
23.58
17.91
15.32
19.89
20.09
17.73
24.10
18.62
18.55
17.95
23.66
23.58
12.21
17.28
26.81
16.12
26.43
0.20
1.00
0.09
2.33
1.17
2.65
0.62
-0.73
2.09
4.15
1.27
0.88
-0.18
1.57
2.15
1.74
2.69
5.07
6.39
10.61
3.35
9.16
8.26
4.74
5.63
8.02
6.22
9.65
5.62
3.44
4.43
5.40
6.31
5.07
14.68
2.80
7.23
6.34
6.86
2.06
6.02
10.16
7.98
6.68
7.94
9.43
6.20
18.63
14.94
21.54
3.05
-0.53
1.41
0.11
0.13
0.14
-0.05
3.24
-0.61
-1.32
4.76
1.75
4.72
4.60
2.47
