0.00
3.33
3.73
4.24
4.35
4.86
4.36
5.31
5.93
7.70
7.42
8.52
8.42
9.52
9.17
9.93
10.61
10.55
10.71
11.16
11.42
11.77
14.14
0.00
0.00
0.00
0.00
0.00
0.00
0.00
0.00
0.00
0.00
0.00
2.56
2.05
2.17
2.38
6.86
7.90
9.77
9.77
9.52
9.03
16.35
20.38
23.60
24.07
0.00
0.00
0.00
0.00
2.96
2.19
2.24
2.38
3.41
3.53
3.92
3.65
3.85
3.49
3.67
3.20
3.80
3.69
3.87
3.71
3.87
3.71
3.57
3.23
4.02
4.64
4.54
4.50
4.81
4.45
4.26
4.47
4.65
4.61
4.18
5.54
5.65
5.74
5.61
5.89
6.76
6.24
6.13
6.94
6.37
6.65
6.85
6.15
6.28
7.97
7.08
7.91
7.87
7.32
7.52
7.95
7.30
7.23
8.53
8.48
9.00
8.01
8.44
8.52
8.67
8.65
9.61
9.79
9.25
10.19
10.76
10.09
10.90
10.63
10.47
10.24
11.00
12.27
12.26
12.17
12.13
13.08
13.68
13.23
14.34
14.73
16.38
17.07
23.81
23.95
25.77
26.14
27.46
30.79
51.83
55.15
0.00
0.00
0.00
0.00
0.00
0.00
0.00
0.00
0.00
0.00
0.00
0.00
0.00
0.00
0.00
0.00
0.00
0.00
2.85
2.93
2.76
2.91
2.82
3.79
3.73
3.18
3.99
3.75
3.80
3.36
3.70
3.36
3.52
3.53
3.79
4.06
4.70
4.46
4.05
4.70
4.12
4.29
6.00
5.11
5.41
6.00
6.51
6.45
6.58
6.34
6.98
6.66
6.95
6.45
6.92
7.13
7.18
7.90
7.70
7.04
7.16
7.86
7.21
8.47
8.43
8.28
8.28
8.77
8.39
9.39
9.18
9.21
9.41
9.20
9.31
9.71
9.80
9.61
10.71
10.49
10.07
10.99
10.44
10.48
10.97
11.81
11.16
11.97
11.23
11.06
11.41
11.91
11.63
11.44
11.23
11.27
11.04
11.33
11.95
12.86
12.22
12.62
12.65
12.20
12.76
12.74
12.44
13.50
13.67
13.40
13.76
13.81
13.56
13.24
13.46
13.99
13.69
14.68
14.43
14.55
14.98
15.52
15.94
15.85
15.39
15.98
15.86
15.09
15.40
15.63
16.25
16.88
16.72
16.47
17.12
17.17
17.80
17.88
17.07
17.02
17.14
17.36
18.46
18.97
19.79
20.76
20.27
21.62
21.50
22.13
24.56
25.72
25.41
25.83
26.80
26.12
27.99
28.13
28.14
29.91
31.60
36.56
37.63
40.16
41.92
43.35
51.25
0.00
0.00
0.00
0.00
0.00
0.00
0.00
0.00
0.00
0.00
0.00
0.00
0.00
0.00
0.00
0.00
0.00
0.00
2.70
2.99
2.38
2.86
2.66
2.91
2.98
2.43
2.89
2.20
3.24
3.33
3.54
3.11
4.48
4.27
4.92
4.69
4.98
4.72
4.99
4.46
4.55
4.69
5.68
5.72
5.37
6.82
6.52
6.20
7.74
7.71
7.80
7.79
7.22
7.19
7.34
8.94
8.76
8.55
8.32
8.29
8.21
9.54
9.18
9.72
9.48
10.98
10.54
10.12
10.91
10.58
10.07
10.03
10.22
11.47
11.03
11.36
11.65
11.20
11.49
12.00
11.68
11.04
11.07
12.80
12.45
12.06
12.76
12.91
12.73
12.74
12.81
12.98
13.35
13.52
13.37
13.81
13.86
13.96
13.68
13.86
13.38
13.57
13.83
14.65
14.90
14.15
14.96
14.17
14.30
14.15
14.25
14.17
14.96
14.46
14.13
14.56
14.61
14.47
14.43
14.15
14.41
14.91
14.90
15.27
15.09
15.46
15.93
15.92
15.93
15.78
15.83
15.99
16.15
16.15
16.61
16.79
16.84
16.76
16.22
16.51
16.01
16.44
16.73
18.00
17.91
17.96
17.67
17.25
17.63
17.46
17.79
17.27
17.99
17.06
17.74
18.71
18.73
18.52
18.66
18.38
18.06
18.84
18.31
18.79
18.55
18.48
18.80
18.79
18.75
18.87
18.69
18.40
19.57
19.46
19.77
19.72
19.15
19.32
19.28
19.31
19.81
19.88
19.95
20.37
20.26
20.31
20.68
20.48
20.95
20.21
20.97
20.96
20.35
20.09
21.21
21.16
21.45
21.26
21.15
21.32
21.96
21.33
21.40
21.96
21.97
21.90
21.33
21.95
22.99
22.85
22.62
22.57
22.93
22.75
22.71
22.04
22.46
22.50
22.20
22.83
22.18
23.05
23.22
23.69
23.24
23.65
23.04
23.05
23.56
24.53
24.33
24.40
24.12
24.78
24.95
24.28
24.54
24.04
25.98
25.00
25.91
25.26
25.67
26.74
26.84
26.75
26.56
26.16
26.45
26.63
26.97
26.64
27.41
28.61
31.53
31.92
33.46
46.62
0.00
0.00
0.00
0.00
0.00
0.00
0.00
0.00
0.00
0.00
0.00
0.00
0.00
0.00
0.00
0.00
0.00
0.00
2.88
2.34
2.47
2.94
2.94
3.64
3.70
3.93
3.58
4.98
4.71
4.46
4.09
4.27
4.52
5.75
5.39
5.75
5.80
5.37
5.49
5.47
5.91
6.80
6.13
6.96
6.82
6.62
6.64
6.46
7.95
7.96
7.84
7.28
7.86
7.30
7.43
8.36
8.29
8.78
8.57
8.19
9.33
9.68
9.77
9.72
9.26
10.97
10.21
10.44
11.13
11.73
11.72
11.87
11.73
11.22
11.26
11.90
12.17
12.50
12.96
12.91
12.31
12.78
13.42
13.04
13.10
13.72
13.55
13.37
13.59
13.83
13.51
13.25
13.52
13.74
13.99
14.61
14.93
14.54
14.70
14.04
14.96
14.43
14.45
14.17
14.02
15.05
15.43
15.72
15.38
15.76
15.76
15.24
15.41
15.13
15.93
15.99
16.07
16.98
16.52
16.02
16.05
16.94
16.70
16.65
16.95
16.94
16.83
16.40
16.89
16.55
16.23
16.28
16.97
16.45
16.96
16.47
16.39
16.90
16.99
17.11
17.46
17.19
17.75
17.18
17.17
17.67
17.85
17.56
17.98
17.58
17.08
17.78
17.63
17.33
17.63
18.49
18.33
18.52
18.96
18.78
18.87
18.79
18.32
18.94
18.46
18.59
18.57
18.22
18.61
19.91
19.86
19.34
19.37
19.44
19.62
19.20
19.93
19.56
19.63
19.61
19.46
20.39
20.77
20.60
20.96
20.12
20.79
20.70
20.93
20.89
20.58
20.55
20.75
20.78
20.84
20.90
20.97
20.86
20.91
20.04
20.70
20.90
21.01
21.11
21.31
21.29
21.64
21.65
21.28
21.79
21.42
21.23
21.80
21.26
21.68
21.82
21.88
21.77
21.31
21.89
21.05
21.56
21.90
21.07
21.79
21.98
21.89
21.56
21.90
21.59
21.84
21.28
22.17
22.29
22.08
22.82
22.38
22.90
22.66
22.36
22.50
22.88
22.90
22.76
22.48
22.75
22.99
22.20
22.50
22.07
22.07
22.21
22.23
23.52
23.47
23.36
23.61
23.29
23.57
23.14
23.11
23.49
23.21
23.40
23.64
23.00
23.62
23.92
23.57
23.75
23.58
24.00
23.59
23.02
23.18
23.34
23.80
23.30
23.00
23.32
24.16
24.43
24.92
24.09
24.76
24.18
24.19
24.60
24.73
24.91
24.94
24.35
24.07
24.25
24.01
24.43
24.56
24.03
24.41
24.00
25.07
25.46
25.23
25.33
25.91
25.29
25.47
25.09
25.08
25.52
25.03
25.43
25.57
25.06
26.84
26.89
26.92
26.68
26.40
26.84
26.56
26.17
26.96
26.29
26.03
27.84
27.96
27.42
27.86
27.96
27.48
27.25
27.59
27.52
27.64
28.49
28.34
28.40
28.72
28.92
29.84
29.93
29.16
29.68
29.88
29.97
29.35
29.45
30.96
30.18
30.67
30.80
30.04
30.88
30.63
30.78
31.65
31.45
31.31
32.04
32.84
32.11
32.79
32.59
32.40
33.24
33.68
33.06
33.48
33.35
34.18
35.55
35.66
36.67
36.92
36.17
37.43
37.99
38.00
37.59
38.62
38.20
39.91
40.86
41.20
42.61
44.83
46.20
46.74
47.71
47.53
48.98
65.85
54.57
56.90
52.82
58.49
0.00
0.00
2.86
2.84
2.74
2.75
3.79
4.72
4.37
5.39
7.48
8.17
9.69
9.19
9.03
10.81
10.52
10.96
10.98
11.21
12.40
12.49
12.94
12.49
12.55
12.26
13.80
13.63
13.70
13.33
13.60
13.31
13.49
13.17
14.24
14.66
14.61
14.31
14.83
15.35
15.01
15.55
15.59
15.47
15.98
15.51
16.39
16.55
16.59
17.87
17.53
17.58
17.22
17.01
17.18
17.64
17.44
17.72
17.68
17.03
18.58
18.73
18.19
18.37
18.76
18.80
18.59
19.53
19.26
19.87
19.15
19.33
19.43
19.06
19.06
19.91
19.49
19.07
19.49
19.87
19.52
19.69
19.42
19.76
20.91
20.23
20.88
20.38
20.23
20.85
20.91
20.11
20.41
20.43
20.04
20.90
20.69
20.01
20.85
20.53
20.47
20.07
20.14
21.00
20.79
20.70
20.94
20.05
21.76
21.50
21.55
21.45
21.27
21.98
21.78
21.95
21.32
21.96
21.93
21.85
21.88
21.17
21.41
21.96
21.21
21.07
21.61
21.35
21.55
21.38
21.73
21.74
21.05
21.27
22.30
22.16
22.23
22.97
22.30
22.77
22.45
22.81
22.40
22.54
22.75
22.43
22.29
22.32
22.42
22.77
22.25
22.35
22.92
22.94
22.53
22.05
22.61
22.20
22.25
22.02
22.29
22.89
23.00
23.13
23.01
23.60
23.87
23.85
23.98
23.11
23.59
23.16
23.21
23.83
23.44
23.97
23.88
23.85
23.71
23.74
23.66
23.71
23.96
23.75
23.78
23.39
23.13
23.77
23.08
23.26
23.62
23.14
23.92
24.41
24.05
24.37
24.10
24.96
24.74
24.94
24.18
24.14
24.92
24.57
24.04
24.18
24.46
24.31
24.51
24.04
24.97
24.19
24.29
24.10
24.11
24.29
24.52
24.63
24.22
24.63
24.82
24.79
24.18
24.48
24.92
24.64
24.77
24.93
24.88
24.76
24.48
24.52
24.64
24.97
24.29
24.72
25.62
25.39
25.59
25.25
25.82
25.17
25.98
25.83
25.97
25.72
25.35
25.43
25.41
25.99
25.93
25.16
25.44
25.60
25.18
25.81
25.60
25.80
25.74
25.99
25.03
25.65
25.28
25.89
25.11
25.81
25.56
25.60
25.20
25.17
25.48
25.31
25.99
25.46
25.26
25.20
25.83
25.47
25.19
25.51
25.19
25.25
26.18
26.52
26.36
26.85
26.43
26.26
26.12
26.92
26.02
26.65
26.97
26.22
26.31
26.83
26.34
26.32
26.52
26.01
26.74
27.75
27.97
27.25
27.99
27.82
27.54
27.77
27.38
27.36
27.27
27.23
27.14
28.51
28.61
28.52
28.74
28.54
28.06
28.63
28.12
28.95
28.39
28.63
28.50
28.32
28.60
28.16
28.32
29.41
29.37
29.02
29.76
29.51
29.10
29.96
29.83
30.62
30.33
30.29
30.06
30.10
30.42
30.47
30.74
31.27
31.17
31.06
31.47
31.38
31.16
32.62
32.14
32.43
33.21
33.04
33.96
34.33
34.23
34.02
35.39
35.20
37.84
38.29
38.22
38.62
39.96
40.06
40.77
40.55
40.75
41.91
41.26
41.27
42.27
43.11
44.26
56.06
79.12
119.96
92.68
62.88
56.36
0.00
0.00
0.00
0.00
0.00
0.00
0.00
0.00
0.00
0.00
0.00
0.00
0.00
0.00
2.95
2.79
4.00
4.56
5.75
5.65
6.92
6.56
7.69
8.66
8.79
8.98
8.14
8.06
10.81
10.73
10.24
10.67
11.40
11.68
11.85
11.49
11.25
12.24
12.48
12.09
12.07
12.33
12.16
12.63
12.77
12.49
12.33
13.98
13.68
13.22
13.71
13.02
13.44
13.27
13.67
14.51
14.90
14.45
14.91
14.99
14.03
14.31
14.89
14.15
15.69
15.66
15.25
15.59
15.98
15.64
15.75
15.79
16.51
16.65
16.26
16.03
16.96
16.69
16.42
16.51
16.22
16.95
16.35
16.66
16.26
17.63
17.14
17.83
17.58
17.73
17.40
17.42
17.03
17.62
17.10
17.90
17.62
17.01
17.41
17.95
18.66
18.66
18.72
18.47
18.57
18.78
18.30
18.65
18.85
18.21
18.72
18.81
18.23
18.60
19.00
18.63
18.62
19.24
19.39
19.80
19.89
19.79
19.61
19.30
19.03
19.40
19.60
19.67
19.74
19.34
19.69
19.66
19.34
19.94
19.17
19.32
19.70
20.44
20.06
20.54
20.33
20.64
20.95
20.76
20.20
20.23
20.42
20.77
20.99
20.76
20.86
20.14
20.13
20.07
20.94
20.25
20.20
20.42
20.92
20.69
21.64
21.46
21.66
21.01
21.84
21.17
22.00
21.19
21.79
21.18
21.56
21.85
21.97
21.60
21.69
21.28
21.94
21.58
21.34
21.70
21.92
21.22
21.29
22.46
22.11
22.72
22.35
22.69
22.81
22.37
22.36
22.16
22.41
22.73
22.79
22.35
22.43
22.23
22.84
22.64
22.79
23.19
23.73
23.54
23.59
23.13
23.20
23.88
23.33
23.07
23.09
23.84
23.19
23.31
23.50
23.82
23.62
23.33
23.22
24.00
23.46
23.39
23.58
23.07
24.18
24.64
24.88
24.04
24.60
24.85
24.11
24.55
24.97
24.40
24.09
24.45
24.28
24.28
24.73
25.28
25.69
25.16
25.98
25.47
25.30
25.71
25.51
25.03
25.29
25.18
25.89
25.32
25.63
25.42
26.46
26.28
26.97
26.88
27.17
27.11
27.10
27.95
28.33
28.57
30.74
30.70
30.04
31.77
34.75
38.13
41.21
42.24
45.37
48.83
86.52
0.00
0.00
0.00
0.00
0.00
0.00
0.00
0.00
0.00
0.00
0.00
0.00
0.00
0.00
0.00
0.00
0.00
2.55
2.84
2.42
2.68
3.54
4.19
4.98
4.03
4.61
4.96
4.23
5.97
5.23
5.98
5.26
6.64
6.67
7.95
7.00
7.47
7.73
7.27
7.51
7.34
8.85
8.14
8.31
8.70
8.24
8.33
8.90
9.37
9.08
9.62
9.51
9.23
9.21
9.35
9.96
9.63
9.45
9.06
9.56
10.41
10.61
10.81
10.79
10.83
10.64
10.84
10.43
10.33
10.90
10.37
10.79
10.85
10.66
10.96
10.24
10.94
11.95
11.58
11.10
11.89
11.64
11.98
11.58
11.52
11.23
11.19
11.89
12.27
12.90
12.34
12.36
12.48
12.13
12.54
12.20
12.22
12.54
12.35
12.80
12.99
12.52
12.91
12.85
12.49
12.55
13.00
12.00
12.95
13.96
13.38
13.21
13.80
13.94
13.31
13.06
13.80
13.12
13.68
13.12
13.08
13.44
14.80
14.42
14.49
14.43
14.86
14.35
14.04
14.94
14.68
14.08
15.81
15.36
15.58
15.05
15.72
15.09
15.73
15.59
15.57
15.41
15.53
15.88
15.78
15.11
16.22
16.88
16.80
16.36
16.65
16.28
16.39
17.97
17.44
17.03
17.31
17.25
17.71
17.35
17.35
17.26
17.21
17.39
17.96
17.95
17.32
17.08
17.96
17.99
17.15
18.59
18.33
18.74
18.74
18.40
18.29
18.12
18.73
18.58
19.21
19.52
19.16
19.97
19.27
19.47
19.57
20.12
20.49
20.62
20.55
20.86
20.60
20.51
20.19
20.10
20.37
21.22
22.29
23.12
23.14
23.38
28.96
30.74
30.01
33.06
33.20
34.96
35.80
36.82
36.35
44.40
46.97
0.00
0.00
0.00
0.00
0.00
0.00
0.00
0.00
0.00
0.00
0.00
0.00
0.00
0.00
0.00
0.00
0.00
0.00
0.00
0.00
2.26
3.38
3.76
4.75
5.12
5.55
5.31
5.42
5.56
5.09
5.25
5.29
5.09
6.22
6.01
6.74
6.95
6.22
6.05
6.06
6.93
6.38
7.03
7.96
7.29
7.52
7.51
7.38
7.02
7.72
7.60
8.00
7.56
7.78
8.41
8.42
8.32
8.59
8.16
8.47
8.63
8.29
8.22
8.24
8.11
8.64
8.19
8.61
8.60
8.43
8.54
8.74
8.49
8.45
8.54
9.28
9.14
9.97
9.06
9.82
9.34
9.98
9.38
9.38
9.82
9.44
9.17
9.36
9.72
9.18
9.45
9.37
9.05
9.59
9.11
9.17
9.16
9.94
9.97
9.01
9.87
9.05
9.45
10.21
10.57
10.05
10.16
10.15
10.61
10.40
10.91
10.27
10.81
10.93
10.81
10.46
10.35
10.19
10.80
10.34
10.08
10.97
10.35
10.74
10.48
10.32
10.26
10.82
10.74
10.59
10.34
11.58
11.26
11.21
11.29
11.15
11.32
11.40
11.01
11.80
11.11
11.65
11.80
11.52
11.62
11.05
11.31
11.16
11.70
11.90
11.67
11.45
11.28
12.22
12.17
12.98
12.38
12.52
12.02
12.80
12.13
12.77
12.89
12.81
12.37
12.19
12.27
12.84
12.06
12.79
12.44
12.32
12.76
12.94
12.56
12.13
12.69
12.18
12.71
12.86
12.16
12.99
13.89
13.92
13.96
13.60
13.29
13.25
13.94
13.97
13.14
13.23
13.91
14.52
14.34
14.16
14.75
14.28
14.18
14.96
14.43
14.23
15.95
15.36
15.50
15.61
15.22
15.15
15.12
15.42
15.50
16.49
16.27
16.35
16.53
16.63
17.20
17.12
17.60
17.98
17.18
17.46
17.47
17.69
19.53
22.69
24.64
24.25
25.96
25.98
25.15
25.65
25.93
25.63
26.88
26.65
27.50
28.87
30.59
33.53
35.21
36.70
38.93
39.34
50.62
133.14
69.42
0.00
0.00
0.00
0.00
0.00
0.00
0.00
0.00
0.00
0.00
0.00
0.00
0.00
0.00
2.40
2.64
2.87
3.00
4.97
4.85
5.87
5.05
5.28
6.52
6.68
7.10
7.67
7.12
7.26
7.87
7.52
7.98
7.19
7.02
8.41
8.44
8.12
8.59
8.91
8.84
9.29
9.48
9.45
9.17
9.10
9.71
9.64
9.77
10.67
10.62
10.65
10.76
10.41
10.80
10.15
11.74
12.00
11.04
12.27
12.96
12.61
13.87
14.65
15.45
15.52
15.86
16.01
16.28
18.64
18.18
18.72
19.61
23.02
25.07
25.03
26.79
27.84
28.08
29.53
30.87
0.00
0.00
0.00
0.00
8.41
10.29
3.07
4.95
5.07
5.61
5.91
6.31
6.86
7.98
7.98
7.45
9.67
9.21
9.60
13.47
2.87
2.97
2.45
3.49
3.76
3.50
3.40
4.93
4.35
4.60
4.95
4.57
5.77
6.68
6.98
6.23
6.71
11.53
16.64
16.49
18.68
19.79
19.86
23.20
26.20
33.79
34.48
34.27
34.22
34.82
0.00
0.00
0.00
0.00
0.00
0.00
0.00
2.48
3.65
3.30
4.98
4.32
4.96
4.81
5.83
5.78
5.97
6.31
6.28
6.68
7.41
7.73
7.88
8.70
9.54
10.23
10.95
10.27
10.82
10.66
11.49
12.62
13.22
13.70
13.44
13.41
15.31
15.97
15.38
15.32
15.84
16.83
16.13
17.56
17.48
17.74
17.58
18.52
18.96
19.47
19.68
19.73
19.52
20.54
20.34
20.39
20.68
25.04
26.28
26.01
27.82
30.35
32.93
33.93
33.37
33.72
33.96
33.40
33.69
34.38
34.19
34.24
34.42
34.41
34.58
34.57
34.18
34.16
35.40
35.65
54.94
56.68
55.25
55.02
61.16
0.00
0.00
0.00
2.42
2.64
2.18
2.23
2.46
2.72
2.93
3.69
3.30
3.33
3.83
3.50
3.48
4.53
4.29
5.74
5.65
5.35
5.81
5.89
6.64
6.79
6.94
6.72
6.57
6.44
6.02
6.06
7.67
7.30
7.65
7.77
7.24
7.74
7.47
8.44
8.05
8.31
8.04
8.07
9.24
9.36
9.32
9.23
9.25
9.91
9.29
11.12
12.51
12.39
12.45
13.21
15.82
15.08
15.12
15.04
16.32
16.96
16.86
16.57
16.95
16.98
16.96
17.40
17.20
17.32
17.48
18.66
18.79
18.06
18.63
19.18
19.10
19.26
19.06
19.45
20.19
20.31
21.98
21.89
22.67
22.74
23.38
23.07
24.45
24.60
24.27
26.00
26.67
29.18
29.13
29.74
29.13
30.72
30.12
30.45
30.06
30.63
30.03
31.50
32.87
32.19
33.96
33.30
34.67
34.28
34.73
34.06
34.79
34.20
34.82
50.07
61.21
60.37
0.00
0.00
0.00
0.00
0.00
2.97
2.97
2.94
2.99
2.83
2.78
2.91
2.45
2.94
3.04
3.37
3.45
3.23
3.11
3.32
4.48
4.53
4.78
4.94
4.75
4.92
4.84
4.30
4.77
4.85
4.51
4.74
4.81
4.23
5.56
5.93
5.55
5.30
5.85
5.89
5.32
6.65
6.33
6.62
6.20
6.58
6.57
6.82
6.13
6.80
6.34
7.50
7.14
7.19
7.52
7.37
7.32
7.68
7.98
7.26
8.12
8.44
8.12
8.22
9.12
9.20
9.67
10.93
10.61
10.28
10.95
11.11
11.05
11.34
11.11
11.67
12.84
12.87
13.01
13.82
13.24
13.00
14.48
14.24
14.68
14.61
14.18
15.66
15.85
15.83
16.92
16.59
17.95
17.49
17.42
18.60
19.00
18.24
18.59
19.81
19.39
19.59
19.37
19.08
19.33
20.45
20.41
20.21
20.83
21.60
21.72
21.54
22.21
22.59
24.44
26.06
26.00
26.96
27.37
30.96
31.08
31.28
31.10
32.83
33.87
33.74
33.91
34.13
37.82
54.97
58.87
63.48
0.00
0.00
0.00
2.79
2.62
2.99
2.95
2.90
2.99
2.55
4.00
3.64
3.52
3.66
3.17
3.23
3.86
3.69
3.00
3.42
3.49
4.71
4.77
4.54
4.90
4.81
4.98
5.14
6.18
7.72
7.52
7.83
7.48
8.12
8.15
8.48
9.00
9.97
9.93
10.53
10.98
10.24
10.15
11.51
11.56
12.57
13.61
13.68
13.42
14.61
14.03
14.13
14.43
14.24
14.36
15.14
15.29
15.66
15.51
15.99
16.88
16.03
16.24
16.60
16.45
16.21
17.97
17.46
17.01
18.88
18.18
19.27
19.78
21.26
22.13
23.47
26.48
27.03
0.00
0.00
0.00
0.00
0.00
0.00
0.00
0.00
0.00
0.00
0.00
0.00
2.67
2.83
2.64
2.97
2.93
2.80
2.99
2.65
2.99
2.39
2.66
2.80
2.77
2.87
2.80
3.83
3.20
3.50
3.33
3.50
3.24
3.40
3.74
3.21
3.28
3.25
3.96
3.09
3.56
3.93
3.54
3.82
3.29
3.24
3.88
3.83
3.35
3.72
4.20
4.67
4.36
4.11
4.60
4.38
4.54
4.60
4.65
4.88
4.86
4.37
5.54
5.97
5.31
5.99
5.69
5.79
5.54
5.40
6.66
6.44
6.64
6.04
6.69
6.89
6.93
7.19
7.63
8.33
8.04
8.03
8.20
8.13
8.25
9.59
9.45
9.18
10.38
10.46
10.95
10.03
10.03
10.97
10.71
10.11
10.81
11.76
12.44
12.26
12.98
12.85
13.80
13.99
13.58
13.37
14.89
14.61
14.09
14.98
14.78
14.73
14.39
14.85
15.04
15.16
15.12
15.19
15.27
15.79
15.62
16.89
16.89
16.59
16.09
16.42
16.49
17.05
17.72
18.95
18.98
18.91
18.06
19.47
20.24
21.39
24.48
27.35
28.46
29.45
30.42
34.12
40.50
0.00
0.00
0.00
0.00
0.00
0.00
0.00
0.00
0.00
0.00
0.00
0.00
0.00
0.00
2.69
2.71
2.54
2.08
2.08
3.90
3.78
3.23
3.83
3.49
3.40
3.44
4.62
4.50
4.00
4.21
4.92
4.79
4.91
5.40
5.70
5.76
5.52
5.76
5.24
5.62
5.65
5.39
5.53
5.20
5.99
6.16
6.80
6.76
6.67
6.94
6.78
6.67
6.83
6.42
6.76
6.99
6.72
6.83
6.75
6.44
6.49
6.61
7.69
7.08
7.39
7.65
7.58
7.27
7.58
7.78
7.57
7.34
7.13
7.60
7.75
8.75
8.32
8.42
8.61
8.52
8.21
8.34
8.75
8.62
8.17
9.69
9.24
9.84
9.78
9.38
9.27
9.53
10.81
10.92
10.82
11.79
11.18
11.18
11.09
11.60
11.39
12.66
12.38
12.71
12.80
14.67
14.67
15.12
15.55
17.94
23.13
25.00
25.09
25.50
26.47
26.64
26.04
27.03
27.71
31.59
33.69
33.29
0.00
0.00
0.00
0.00
0.00
0.00
0.00
0.00
0.00
0.00
0.00
0.00
0.00
0.00
0.00
2.41
2.84
3.64
4.64
4.81
4.14
4.67
4.87
4.72
4.83
5.87
5.43
5.64
5.88
5.25
5.89
5.19
5.95
5.65
5.07
5.33
6.63
6.58
6.79
6.67
6.74
7.62
7.83
8.74
9.96
11.15
14.54
14.47
15.74
17.15
0.00
0.00
0.00
0.00
0.00
0.00
0.00
0.00
0.00
0.00
2.45
3.30
7.00
0.00
0.00
